simulation_id,mass1,mass2,spin1x,spin1y,spin1z,spin2x,spin2y,spin2z,distance,inclination,coa_phase,polarization,longitude,latitude,geocent_end_time,geocent_end_time_ns
sim_inspiral:simulation_id:2,8.757418,1.310997,-0.0369873,0.1144906,-0.3183691,-0.02960837,-0.01882667,-0.02690166,85.63724,0.9650542,1.019318,1.624539,1.382083,-0.1489096,1325052416,571418953
sim_inspiral:simulation_id:5,9.592834,1.232673,0.1089052,-0.279849,-0.1985923,0.0007189196,-0.0006835671,-0.0001538231,40.74048,2.500448,4.772484,2.786776,2.482038,-0.7641311,1325072999,967521147
sim_inspiral:simulation_id:11,8.33448,1.316755,0.1612571,-0.1255285,0.2368332,-0.009333835,0.00214465,-0.006294172,364.3823,1.889049,0.8087516,4.642461,2.877269,-0.6583691,1325193229,131485812
sim_inspiral:simulation_id:14,7.859636,1.145547,0.07034621,0.2398994,-0.03818102,-0.02668045,0.009458328,0.01289152,150.559,2.229902,1.083379,3.441903,5.052662,-1.406093,1325216837,910619704
sim_inspiral:simulation_id:1007,6.592328,1.200074,-0.3016728,-0.3248402,-0.01834497,-0.00861249,-0.002053968,-0.01419888,296.8102,0.03622705,4.275826,3.333426,2.40564,0.06556439,1339375335,559862631
sim_inspiral:simulation_id:1009,8.9653,1.350423,0.1528131,-0.07452698,0.2140522,0.02532986,0.002240393,0.008373057,735.8346,3.080677,5.2982,3.282397,2.574881,-0.5645871,1339412492,709815148
sim_inspiral:simulation_id:1018,8.201361,1.463292,-0.1309262,0.1659726,0.1940228,0.003897388,-0.01721692,0.02316102,496.3585,2.397303,0.1861276,4.437356,1.263342,0.176446,1339523428,442445780
sim_inspiral:simulation_id:1019,8.71299,1.452875,0.05410359,0.07063819,0.1014449,-0.005198366,-0.009964562,0.01129772,353.674,2.404809,3.289036,0.1326755,3.917099,0.5009045,1339550238,465394210
sim_inspiral:simulation_id:1039,6.18626,1.351152,0.03245849,0.03843675,0.03174383,0.003568251,-0.0133361,-0.008621314,95.13084,0.4900769,1.638607,5.530809,3.907389,0.7426612,1340001413,846884886
sim_inspiral:simulation_id:1040,8.795989,1.528666,-0.1425721,0.2017123,-0.1412665,0.02464281,-0.02125609,0.009739593,394.1485,2.349042,2.16876,0.6458275,5.000029,0.1546828,1340003151,893012342
sim_inspiral:simulation_id:109,8.427696,1.671529,-0.04669696,0.2895515,0.03668433,0.01658382,-0.003079539,0.03645537,97.22666,1.306345,0.5920944,1.068609,4.53189,0.1226852,1326807407,189167530
sim_inspiral:simulation_id:123,9.537083,1.312732,-0.149999,0.2597249,-0.2337829,-0.02493446,0.03172223,0.005763461,235.7361,0.9786093,4.115572,6.153348,5.50749,-1.223354,1327059034,221340385
sim_inspiral:simulation_id:129,6.528778,1.058405,0.209609,0.07415306,-0.04269024,-0.03140392,-0.01536638,-0.01995458,160.9917,2.255085,0.3919045,5.389395,5.474966,0.2199455,1327182800,901009755
sim_inspiral:simulation_id:1085,7.273263,1.318359,-0.2997034,-0.07386386,0.2034247,0.001249988,-0.007016973,0.009414673,468.3143,0.5546596,3.3758,1.763229,3.589454,1.336756,1340664504,98246186
sim_inspiral:simulation_id:1088,9.503166,1.431179,0.04058839,0.05278837,0.06091207,-0.003929616,-0.02821914,-0.01058499,499.3555,2.380998,1.109782,1.255331,5.653715,0.01330486,1340696296,725070142
sim_inspiral:simulation_id:1092,8.935324,1.499165,0.08371972,-0.1970671,0.02236979,0.04002282,-0.005167521,0.02691913,234.1065,1.469752,0.7404681,4.697877,6.120838,-0.3278819,1340751978,708280194
sim_inspiral:simulation_id:1094,9.177112,1.136478,0.02786417,-0.1798591,-0.01854431,0.02536568,-0.01437603,-0.009725383,295.3873,2.282825,5.940136,1.913473,0.4029369,-1.127203,1340783053,227464237
sim_inspiral:simulation_id:1099,6.514598,1.273671,-0.1889589,-0.09958859,0.4493942,-0.006941045,0.02422299,-0.01920661,424.7408,0.2159723,2.642858,3.127777,5.917213,-0.5653161,1340910649,888855999
sim_inspiral:simulation_id:1107,7.014865,1.056291,0.2024657,0.2084136,-0.1795017,-0.001218201,-0.0006088233,0.004348249,500.5811,2.854852,3.988768,0.5317404,2.965263,0.1004962,1341054015,28456381
sim_inspiral:simulation_id:1112,9.182877,1.175386,0.02317549,-0.03808928,-0.01021872,0.01885983,0.04357518,0.01224736,285.7811,1.017649,3.438428,3.790967,3.28117,1.13964,1341086076,117567380
sim_inspiral:simulation_id:1117,6.536507,1.250813,0.003767319,0.01131831,0.007177505,-0.02635715,0.004095225,0.01902355,252.7189,2.610208,2.396778,1.111615,2.270591,0.2072646,1341134479,543344998
sim_inspiral:simulation_id:1132,7.365793,1.306848,-0.008510225,0.002150003,0.1626629,-0.01578099,-0.01128754,-0.01916557,164.9872,2.275479,0.1638272,0.9468495,0.2044078,0.6977892,1341279747,899300106
sim_inspiral:simulation_id:1153,9.388803,1.135632,-0.0008148589,0.01265558,-0.06222105,0.028446,0.01491789,-0.0139681,273.5903,0.2706715,0.5083817,0.762082,5.633559,0.5343123,1341623664,54632008
sim_inspiral:simulation_id:1168,9.682213,1.421516,-0.1093328,-0.1813761,-0.1120962,-0.01749985,0.005934653,-0.02285342,220.4582,1.081241,3.891435,5.08262,3.305381,0.3358395,1341822697,538437812
sim_inspiral:simulation_id:1178,8.72908,1.261347,0.2471376,-0.02081539,-0.3662728,0.002222442,0.02071607,0.004524617,443.8316,1.445077,1.101872,3.568681,2.960439,-0.2029658,1341998252,886829673
sim_inspiral:simulation_id:1182,6.247447,1.335837,0.2728846,-0.3349203,0.03526727,0.0006178005,0.002581223,-0.001589134,373.3472,3.112822,2.172585,5.810137,5.102692,-0.4098661,1342026708,918335176
sim_inspiral:simulation_id:1187,7.513373,1.378341,0.2903575,0.07614812,0.2753628,-0.006110188,-0.02104046,0.04244047,48.07551,0.7300652,3.572558,2.202678,1.421439,-0.515434,1342102084,939189987
sim_inspiral:simulation_id:1190,6.403778,1.569261,0.01839398,-0.1956583,0.2707916,-0.01281841,0.04072129,-0.01325377,277.3387,2.503168,4.470082,3.498802,1.527342,1.145253,1342171704,302545628
sim_inspiral:simulation_id:1204,8.156059,1.242106,0.07886606,0.1835681,-0.2076534,0.002446721,-0.001167435,0.002637089,237.9983,2.016656,5.98681,2.659182,1.90452,-0.6131068,1342344839,850065797
sim_inspiral:simulation_id:1207,7.921468,1.447452,0.0008927864,0.005452286,0.01463777,-0.02290386,0.01615416,-0.008155728,385.2663,2.880996,0.5208055,1.402284,4.106599,-0.8574825,1342379679,405841890
sim_inspiral:simulation_id:1232,7.455829,1.322228,-0.1780507,-0.2887905,0.3487345,-0.01854915,0.02571369,-0.01532315,355.6705,0.4279405,5.251315,5.841709,1.847134,-0.3229764,1342758685,335428428
sim_inspiral:simulation_id:1240,8.657701,1.311096,0.09969784,-0.1787917,-0.2041841,0.04001226,-0.02449103,0.01416675,358.0867,0.72756,4.068097,0.8593532,3.05018,0.5408253,1342914766,557054710
sim_inspiral:simulation_id:1242,8.269258,1.435224,0.307239,0.1838629,-0.2294196,0.01146839,0.02359856,0.0197373,171.2814,1.572689,0.3697046,0.1952323,2.186258,-1.268972,1342940823,854759478
sim_inspiral:simulation_id:1261,7.588049,1.267913,0.01045619,0.008769271,0.1142346,0.005443271,-0.002547638,0.02515059,323.8087,2.730231,0.427754,1.16592,1.367817,0.2415131,1343300075,116083421
sim_inspiral:simulation_id:1266,9.713708,1.442906,0.1160113,-0.3073748,-0.2457839,0.01179417,0.004355284,-0.01626116,235.741,1.139336,1.633587,3.367989,0.4713318,0.3167421,1343376680,28502675
sim_inspiral:simulation_id:1267,8.920826,1.254952,0.07555981,0.1649883,0.1141834,0.02763878,-0.01449293,-0.0362286,432.2682,0.5013734,4.370692,6.113132,5.966472,0.5808596,1343377422,87122558
sim_inspiral:simulation_id:1273,6.603445,1.567942,0.1585914,0.2839392,0.2918268,-0.0340332,0.004969589,-0.003202248,396.2158,2.546247,4.00759,2.61717,1.092889,1.339117,1343505433,514544627
sim_inspiral:simulation_id:1286,9.367596,1.307256,0.08359195,0.2578213,-0.07819967,-0.02042308,0.03504048,-0.01929417,133.1927,2.5577,1.186885,1.669235,2.553435,0.02033362,1343642516,546606104
sim_inspiral:simulation_id:1291,7.789908,1.55734,0.2856162,-0.1857612,0.03518368,0.008824594,-0.03204763,0.03620843,419.8706,2.259001,3.963343,5.622799,4.615108,0.4082811,1343792512,685099318
sim_inspiral:simulation_id:1293,6.435719,1.371182,-0.09808133,-0.09387319,-0.2494117,-0.0317848,0.02988411,-0.01895869,140.7135,1.227089,1.333079,3.916525,1.168274,0.424807,1343908234,78407560
sim_inspiral:simulation_id:1299,6.849271,1.347554,0.2348743,0.07617101,-0.01546187,-0.02280418,0.01233985,-0.0327206,395.5693,2.277774,3.25512,0.6480742,1.141188,-0.7030141,1343967777,221807422
sim_inspiral:simulation_id:1317,7.371897,1.288784,0.03916372,-0.01391304,-0.03025668,0.006207816,0.02570635,-0.0123636,347.1626,0.6292487,0.5968839,1.41217,5.851362,0.9541329,1344158783,694768120
sim_inspiral:simulation_id:1325,7.576803,1.252686,-0.009421737,0.004734658,0.001736048,-0.001736383,0.0003716555,-0.0001513259,221.5643,1.279076,1.906534,5.757008,5.751564,0.5521266,1344321334,585994923
sim_inspiral:simulation_id:1351,7.393244,1.090702,0.1837162,-0.005865209,-0.3219295,0.001618216,0.002043581,-0.001537098,315.7959,0.2010356,2.18813,5.971347,1.324804,0.671599,1344678437,863515015
sim_inspiral:simulation_id:1354,9.512821,1.103259,0.1305,-0.0898092,-0.1347112,0.01714473,0.02598392,-0.002639993,244.0124,0.07326997,0.1297518,5.151958,1.321095,-0.2075764,1344703484,905253249
sim_inspiral:simulation_id:1388,7.293362,1.294235,0.03568559,0.04300997,-0.07344422,-0.02819392,0.01697898,-0.01334219,280.7462,2.499111,2.892232,5.067479,3.778399,-0.09215004,1345022513,800838721
sim_inspiral:simulation_id:1410,8.73461,1.610918,-0.03297777,0.001565402,0.07487761,-3.830483e-05,-0.01537441,-0.01156141,208.8619,2.743556,3.798349,3.062599,2.45419,-1.105127,1345317725,651540611
sim_inspiral:simulation_id:1417,7.684586,1.242871,0.03122348,-0.01156977,-0.04181574,-0.01111704,0.005313236,-0.03505594,273.659,0.6061561,1.329757,1.878459,4.544181,0.3292139,1345380614,633680349
sim_inspiral:simulation_id:1424,8.868135,1.227645,0.009475042,0.05981673,0.001343908,-0.02992929,-0.01554649,-0.01821768,436.8358,0.572392,1.134894,1.243218,2.302669,-0.3891226,1345445054,819324039
sim_inspiral:simulation_id:1455,8.108191,1.499928,0.1702498,-0.3660479,0.07867759,0.0255872,-0.04046295,-0.01392833,146.6248,2.911841,5.79569,1.033386,3.363155,0.6653339,1345811319,936041573
sim_inspiral:simulation_id:1457,6.599102,1.503264,0.04429663,-0.002646885,-0.07246404,0.01666188,-0.04675687,0.005979662,264.8291,0.3072398,2.382003,3.323336,1.059761,1.045398,1345830645,908397190
sim_inspiral:simulation_id:1458,7.028821,1.261145,-0.1554989,-0.1168488,-0.1569933,0.03461009,-0.01514964,-0.008131675,243.3277,0.7584184,3.09232,3.120708,3.697941,0.04793835,1345837192,52181341
sim_inspiral:simulation_id:1463,7.05895,1.537597,0.05876233,-0.09227234,0.3276244,0.01181185,-0.02871089,-0.01621827,246.4811,2.078885,0.5218121,2.498512,5.879383,0.867491,1345891350,487657386
sim_inspiral:simulation_id:1488,9.197856,1.286294,-0.02212586,0.009391976,-0.4009269,0.006339979,0.002005497,-0.00593493,315.4047,2.551841,2.582071,3.800192,6.060385,-1.068105,1346241645,974559874
sim_inspiral:simulation_id:1518,8.337633,1.505746,0.4019901,-0.1442926,-0.2460087,-0.005621035,0.006751883,0.01108092,571.4128,2.901378,4.823347,2.366647,4.170976,-1.076115,1346592774,196257158
sim_inspiral:simulation_id:1524,9.568149,1.152574,-0.02649684,0.03626917,0.01823132,0.01291164,-0.04121378,-0.009681104,123.4561,1.628892,5.578404,2.585222,2.265813,0.143145,1346691994,925190500
sim_inspiral:simulation_id:152,7.892944,1.298944,0.2387637,0.1037546,0.140449,0.0009205164,0.001297082,-0.002429734,511.1241,0.3893468,1.056862,0.690509,1.585082,-1.037113,1327419600,641220582
sim_inspiral:simulation_id:160,10.26237,1.393013,0.1992699,-0.08468138,0.1153684,-0.0009057056,0.0005153582,0.006118756,359.4393,2.370613,5.963618,1.444881,3.643271,0.1429014,1327529171,930051424
sim_inspiral:simulation_id:168,9.545987,1.478462,0.02281888,0.06118007,0.03037184,0.006962357,-0.04816135,0.006914592,265.6659,0.1213364,0.04375336,4.121427,5.968291,-0.5986844,1327671057,84344622
sim_inspiral:simulation_id:171,8.352097,1.336933,0.06098433,-0.117274,-0.02495617,-0.00130005,-6.883521e-05,-0.003405687,104.0769,2.655153,4.882774,2.83039,2.374214,0.8020083,1327744192,784731308
sim_inspiral:simulation_id:176,8.094637,1.35075,-0.06657673,0.06955262,-0.1737081,0.02023521,0.02294467,-0.006436389,593.835,2.489137,4.873055,6.136876,2.340065,0.9316857,1327817212,734720297
sim_inspiral:simulation_id:193,6.940598,1.238896,0.1413325,0.1294052,0.08289631,0.002744953,-0.01585883,-0.003581143,305.873,1.060313,5.793089,0.121197,5.339215,1.043586,1328022614,119071434
sim_inspiral:simulation_id:196,8.726379,1.428905,0.04185705,0.1969564,0.1026387,-0.007636638,-0.00995856,0.02002352,528.726,0.7191107,2.120521,3.833725,3.587581,-0.2563008,1328046826,820762717
sim_inspiral:simulation_id:1554,6.350999,1.385548,-0.2261327,-0.07510657,0.3105231,-4.861835e-05,0.0004527966,8.652261e-05,367.8848,1.537724,3.668761,2.054229,2.447774,-0.536262,1347169723,560002160
sim_inspiral:simulation_id:1572,7.878938,1.452619,-0.02730824,-0.04723179,-0.04104998,0.01350623,-0.004248635,-0.01101465,186.7212,2.87669,0.8862815,5.367337,2.591003,-0.1168516,1347393334,303180991
sim_inspiral:simulation_id:1595,8.124349,1.311291,0.09203732,0.1645537,-0.2275674,-0.003481389,-0.0146488,-0.001313607,352.4863,2.419507,5.955689,5.165882,4.960592,0.8558307,1347762190,232318458
sim_inspiral:simulation_id:1606,8.719498,1.198325,0.03149712,0.01237846,-0.007565713,-0.02975555,0.008936472,-0.003599409,403.3503,0.8394735,6.051695,2.814969,0.960171,0.3353924,1347869032,522267764
sim_inspiral:simulation_id:1610,7.254668,1.263054,-0.05700971,-0.1917785,-0.0644995,0.01246635,-0.0107865,0.01407887,234.6637,2.587249,4.553346,5.809268,6.069666,-0.6084515,1347962335,816038472
sim_inspiral:simulation_id:1613,7.744925,1.406926,-0.03657558,0.057351,-0.003490735,-0.03230819,-0.002276259,-0.00130336,353.53,2.867083,0.500515,2.728992,0.7776012,0.2865865,1348019657,9019239
sim_inspiral:simulation_id:1629,7.998295,1.29203,-0.09288178,-0.01555595,-0.07795446,-0.008980632,0.03526532,0.03319317,212.4989,1.815915,0.2433241,0.02866112,2.293747,0.2217328,1348237732,731407186
sim_inspiral:simulation_id:1630,9.77142,1.196813,-0.05421326,0.1349824,-0.01408981,-0.01009906,0.003068546,0.0106466,401.9586,0.9162108,6.091528,1.020981,4.179334,0.2787804,1348266464,956483029
sim_inspiral:simulation_id:1660,6.779241,1.555548,0.264752,0.1800523,0.3541167,-0.007459006,0.004927014,-0.02457578,404.4049,1.215442,2.813138,0.5449417,2.428124,-0.5781782,1348796685,115226103
sim_inspiral:simulation_id:1661,8.814968,1.376537,-0.02072744,0.1518177,-0.01886038,0.01459591,-0.01040392,0.03184161,145.9653,0.8085847,3.063248,3.940379,0.05829573,-0.06029844,1348852487,931171277
sim_inspiral:simulation_id:1681,9.423927,1.390981,0.1317797,-0.06651863,0.07415717,-0.001970228,-0.008455408,-0.01781427,245.6629,1.548629,3.835605,5.820539,2.750839,0.2681897,1349107412,984164880
sim_inspiral:simulation_id:1714,8.162366,1.451212,-0.2771935,0.08630031,-0.106808,0.01894443,0.02180646,0.01853243,530.4973,1.1012,4.023767,2.459938,3.873954,0.4048769,1349557385,512340026
sim_inspiral:simulation_id:1748,7.551654,1.338053,-0.1436996,-0.1094287,0.03507921,0.00885303,0.03865362,-0.0259486,467.1581,2.9261,0.4821449,6.064424,2.548325,-0.850113,1349998503,813382074
sim_inspiral:simulation_id:1752,8.950309,1.487619,0.07875644,-0.4026887,-0.1581692,0.02455881,-0.03039372,-0.0003543772,373.0873,1.905104,0.7891433,0.7974538,3.746868,-1.206855,1350035154,200556754
sim_inspiral:simulation_id:1759,7.085844,1.406104,0.04069507,-0.08533116,0.1271363,0.02443177,-0.01274197,0.01781875,586.6744,2.45325,3.498574,0.3112843,1.805706,-0.6132681,1350083036,581745462
sim_inspiral:simulation_id:1776,6.132152,1.244536,-0.3081171,0.002130372,-0.00953983,0.0126899,0.02338425,0.002299538,256.4915,1.014669,0.4627452,3.307136,0.04809729,-1.321454,1350332871,640908511
sim_inspiral:simulation_id:1823,9.541647,1.555495,0.2614357,-0.01753274,0.0653279,0.005326629,-0.0142875,0.009658176,412.5745,2.296152,2.036767,4.733974,1.848514,-0.4982952,1351031722,543362200
sim_inspiral:simulation_id:1856,9.512257,1.442304,0.002030829,-0.02465126,-0.008621835,-0.003323474,0.00238514,-0.005575201,468.2858,0.6674246,3.656538,2.986221,3.570795,0.218206,1351447399,917736966
sim_inspiral:simulation_id:1868,8.170386,1.4326,0.1493813,0.2522852,0.2988407,0.04147178,0.004309355,0.0001685938,190.5012,2.5391,0.1876744,5.960235,0.08896935,-0.2949153,1351602658,370654893
sim_inspiral:simulation_id:1875,7.668014,1.455513,-0.1790449,-0.05642107,-0.1404382,0.0007415575,-0.0008404807,-0.001699057,332.3158,2.664837,1.70457,3.832632,0.5536829,-0.8440357,1351699845,299420659
sim_inspiral:simulation_id:1878,7.974476,1.529095,0.3369388,0.1222432,-0.03285526,-0.007157728,-0.006638681,0.03948922,444.3623,0.3546253,2.665673,0.1554706,2.496004,0.03754795,1351724474,291997944
sim_inspiral:simulation_id:1900,8.775824,1.254307,-0.2019427,-0.3646743,-0.09799057,0.006820833,-0.005093122,-0.02047203,275.6112,2.310542,1.750355,1.409943,0.5922296,1.052388,1352120801,113311979
sim_inspiral:simulation_id:1903,8.416656,1.665959,-0.3495143,-0.1208701,0.007702429,0.02852668,0.006012174,0.00414039,285.8372,0.9087539,4.992608,0.1122437,1.524724,-0.8569503,1352160580,205566108
sim_inspiral:simulation_id:1907,8.124937,1.385299,-0.05375358,-0.2306927,-0.3983776,-0.03150393,0.002732939,0.002884189,390.8118,0.7352747,2.992965,5.94957,0.5903864,-0.01296956,1352176613,40692338
sim_inspiral:simulation_id:1924,7.807026,1.432048,0.01704783,-0.1747348,0.03346297,0.01624578,-0.004223682,0.01568179,155.207,1.703833,1.119906,1.831113,2.139303,0.6825394,1352365750,409801475
sim_inspiral:simulation_id:1933,6.584579,1.512023,0.1020599,-0.06277728,0.3036689,0.006532212,-0.01483682,-0.01886686,102.7536,1.994663,3.456462,1.124358,1.427555,1.172096,1352465871,598430266
sim_inspiral:simulation_id:1950,9.677436,1.388625,0.1679019,0.4391667,0.04617976,-0.006198082,-0.01107643,0.008642772,338.0221,0.3600351,1.178851,4.53097,4.770217,-0.07969002,1352641523,68369469
sim_inspiral:simulation_id:1982,7.240497,1.287048,-0.008071451,0.221111,0.3791234,0.01616236,0.01850768,0.0051377,230.5374,2.619687,5.544286,2.587999,4.727263,-0.03092108,1353121895,993179274
sim_inspiral:simulation_id:2010,6.931757,1.427659,0.06847446,-0.3413054,0.3081523,0.04844289,-0.01015865,-0.004690263,279.7871,2.321542,5.751224,4.14255,2.346201,-0.6588522,1353570649,694042589
sim_inspiral:simulation_id:2019,7.939765,1.670076,0.003921396,-0.00384632,-0.0130055,-0.01950724,0.004582327,-0.01590063,361.0891,2.630749,1.43921,3.508997,0.8648729,0.5951662,1353808210,100314206
sim_inspiral:simulation_id:2024,8.043857,1.258556,0.3068207,0.03513449,-0.1532946,-0.00779022,-0.01005677,0.003104754,245.9607,2.169873,4.173725,3.092069,5.364231,0.6784226,1353876287,446095510
sim_inspiral:simulation_id:2042,7.565903,1.415619,-0.001487591,-0.2725801,0.0305216,-0.01721056,0.009690079,-0.03300105,193.7772,2.58735,0.8297148,1.998179,2.051166,-1.419677,1354141117,761677545
sim_inspiral:simulation_id:222,8.599837,1.267402,0.1507884,0.1021204,-0.0009784072,0.01567095,0.02159681,-0.01682495,262.1571,2.571779,0.09633652,5.119045,3.734708,-0.9608151,1328421692,63167181
sim_inspiral:simulation_id:237,8.482849,1.488286,-0.2203741,0.2602666,0.125868,0.001826786,0.005679631,-0.0006604553,202.9062,2.065471,2.092139,1.75047,2.039864,0.2937033,1328614226,447848948
sim_inspiral:simulation_id:247,9.325948,1.658546,0.1313175,-0.2194439,0.290976,0.006004739,-0.03912051,0.001304757,489.518,2.556565,5.984644,1.064688,1.062322,-0.8739104,1328697620,640529633
sim_inspiral:simulation_id:2054,8.572335,1.226709,0.02299755,-0.003419832,-0.161212,-0.0155977,-0.005996291,0.01241129,175.2572,2.793492,5.532119,3.951671,2.444277,0.09443784,1354343245,593352304
sim_inspiral:simulation_id:2058,8.416764,1.475021,-0.01210957,-0.422096,-0.1354589,-0.005761515,0.01921019,0.0137317,253.8532,1.403298,2.978646,3.498735,2.874226,-0.7074838,1354414020,339545356
sim_inspiral:simulation_id:2062,7.886978,1.630411,0.06184749,0.3668506,0.07835353,0.007253188,-0.04109924,-0.02741151,512.2648,0.3362078,2.395797,4.58241,3.279034,1.374179,1354449041,196071428
sim_inspiral:simulation_id:2091,9.071493,1.215709,-0.09602474,0.3909438,0.09087544,0.02071802,0.008215949,-0.03299687,203.6024,0.8612826,2.664357,0.356233,0.8923957,0.1245104,1354921772,949920824
sim_inspiral:simulation_id:2093,8.000453,1.487886,0.01906257,-0.05423351,0.142142,-0.0001624877,0.000105484,4.359729e-05,565.6882,0.7928578,3.961284,5.750985,2.910494,-0.5137196,1354937584,747221515
sim_inspiral:simulation_id:2103,8.763909,1.612237,-0.01539563,-0.02046483,0.03137226,-0.01015906,0.003560971,-0.02151495,398.8368,2.936793,2.434913,5.795794,5.136065,-0.1199367,1355001986,440765635
sim_inspiral:simulation_id:2109,8.128286,1.331324,-0.2819816,0.1978797,-0.140108,0.01399596,-0.01362321,-0.01400701,344.0022,0.9735413,4.703864,3.458164,1.894162,1.169751,1355050054,744116055
sim_inspiral:simulation_id:2113,8.937325,1.040281,0.2350603,-0.1089644,-0.09996071,0.002750717,0.007342498,0.001091698,162.0928,1.99602,4.813147,4.364889,2.76112,0.6504609,1355082528,702308694
sim_inspiral:simulation_id:2139,7.385203,1.479676,0.1098984,0.08637499,0.07210054,-0.02700535,-0.01201321,-0.03044929,350.6965,2.740164,2.82793,5.312416,5.585324,-1.358212,1355386870,89400817
sim_inspiral:simulation_id:2169,7.749456,1.296348,-0.03804148,0.08073529,0.2533386,-3.763022e-05,0.01061756,0.003435765,231.6663,2.337687,5.647637,1.972784,5.553314,0.1221202,1355970086,164490519
sim_inspiral:simulation_id:2183,7.499055,1.649451,-0.4050743,0.1123916,0.09559517,-0.01451009,0.006991095,0.03381372,141.3155,1.945458,4.122593,1.003926,3.521942,-0.7079006,1356195364,125278408
sim_inspiral:simulation_id:2186,7.826273,1.430768,-0.2016746,-0.3375799,0.0551502,0.02731845,-0.008426071,-0.005838736,408.5758,2.045085,1.832533,2.117903,2.889736,-0.6002592,1356217668,359664972
sim_inspiral:simulation_id:2233,9.480663,1.398978,-0.2576058,0.2332655,0.1607046,-0.00176909,0.01848699,-0.009175888,492.539,1.221256,4.386885,1.015869,4.522227,-1.206233,1356852699,10779107
sim_inspiral:simulation_id:2241,7.707617,1.146991,-0.03120761,0.3035674,0.2996545,0.01539789,-0.0146291,-0.03327196,344.9157,0.8816807,5.432979,3.383237,2.278052,0.5650632,1356947484,55195648
sim_inspiral:simulation_id:2245,6.529246,1.372431,-0.1568258,0.0778741,-0.08906079,-0.003379531,0.005149622,-0.003439111,485.8332,0.314684,3.077955,0.9276553,3.848885,-0.3385225,1357016005,977796873
sim_inspiral:simulation_id:2277,8.769571,1.194432,0.3878793,-0.2292023,-0.02951867,0.01451125,-0.01848431,-0.01734172,518.2617,0.3259024,3.291957,0.7049876,2.327822,-0.306584,1357247212,294463075
sim_inspiral:simulation_id:2283,9.148001,1.405471,-0.160484,-0.1070543,-0.3389317,-0.006164077,-0.003034103,0.008420853,144.7572,1.503582,4.462486,3.617774,0.2927358,-1.359088,1357301923,830865210
sim_inspiral:simulation_id:2318,7.453518,1.14956,0.05341732,-0.04219614,-0.08032371,-0.007190022,0.007919457,0.02838858,292.7509,2.817986,1.957988,0.07963833,3.763605,0.7654914,1357738037,442172266
sim_inspiral:simulation_id:2334,9.472025,1.292264,0.05794504,-0.2212582,0.3572705,0.03302472,-0.008333996,-0.009049821,596.1323,2.235505,1.246224,0.9733881,3.942056,0.4834035,1357829348,17350696
sim_inspiral:simulation_id:2347,8.775019,1.436876,-0.05849519,-0.04783487,0.02004259,0.001455073,0.003172146,-0.001554854,501.1548,0.8898711,2.907934,1.704012,5.026249,-0.5163826,1357970333,78843922
sim_inspiral:simulation_id:2352,8.05425,1.537856,0.2615934,-0.004901213,-0.2120261,-0.0007522066,-0.004181682,-0.01294615,201.941,0.7276582,0.8892798,5.269988,4.504845,0.5953569,1358007568,929227623
sim_inspiral:simulation_id:2366,8.590583,1.513841,-0.07906856,-0.0472686,-0.1760578,-0.008549585,0.00650655,-0.003216157,306.2173,2.407487,0.2948685,1.527171,3.900399,1.15368,1358169145,674364731
sim_inspiral:simulation_id:2368,7.38447,1.325683,0.05890876,-0.04839722,-0.2858226,-0.004608887,-0.008335402,0.02615421,217.6682,0.9592012,1.015385,5.259503,4.297889,-0.761555,1358203040,257091088
sim_inspiral:simulation_id:2377,8.935347,1.281948,0.1640336,0.1238834,0.08344494,0.0003194124,0.04862539,0.01104596,349.3478,3.03549,2.595112,1.89554,5.351242,-0.2564463,1358309300,282785331
sim_inspiral:simulation_id:2407,8.791788,1.324974,-0.4583362,-0.1120139,0.02588518,-0.02450259,-0.02001953,0.02445541,343.5858,2.471645,0.2346636,0.8432991,2.396893,-0.1802353,1358766625,917732378
sim_inspiral:simulation_id:2418,9.393415,1.196684,0.09284718,-0.07379817,-0.127932,-0.01690608,-0.01275926,-0.00610456,315.4174,0.8894227,1.67074,3.003476,0.5919727,-1.461144,1358933874,350057632
sim_inspiral:simulation_id:2420,8.03669,1.322254,-0.2300408,-0.2787111,0.3113727,-0.02321309,0.01204673,0.006821513,261.6232,2.398352,5.134168,4.78566,2.45216,-1.224328,1359034696,830511427
sim_inspiral:simulation_id:2424,7.837847,1.252519,0.1838791,0.006787199,-0.08659631,-0.01685915,0.01762088,-0.01341589,125.2515,2.466343,0.263135,1.312268,5.536956,-0.3998913,1359070463,48076029
sim_inspiral:simulation_id:2447,6.392193,1.215247,0.03967759,0.3544614,0.002479512,0.02102046,0.004219457,-0.003348859,338.5859,1.988382,4.564816,1.29022,1.655513,1.002959,1359338400,94495470
sim_inspiral:simulation_id:2452,6.942834,1.084121,0.2756861,-0.1300043,-0.3451135,0.01184376,-0.007530549,-0.01414005,351.4067,0.9361829,3.241679,3.526282,4.573733,0.8371068,1359395433,196907362
sim_inspiral:simulation_id:2483,8.724916,1.251829,0.3164765,0.3080781,0.1692474,0.007599133,0.01097378,0.02544204,285.8248,1.902576,3.924068,5.384565,1.989701,1.058009,1359879205,886490047
sim_inspiral:simulation_id:2489,8.777367,1.205914,-0.1195887,-0.05405129,0.1302717,0.01674301,0.02354376,0.03764625,193.9712,1.776219,1.682731,5.653604,3.86745,0.3623888,1359909125,132559429
sim_inspiral:simulation_id:2493,8.275378,1.172937,-0.05327894,0.04084186,0.02857042,0.02153461,-0.03265288,7.755685e-05,378.0613,2.371015,1.907162,4.31652,0.3213658,-0.01290989,1359930857,152726756
sim_inspiral:simulation_id:2546,6.611032,1.68877,0.3270809,-0.3537334,0.09182347,0.01775068,0.01896901,-0.04209865,370.8569,0.3501628,4.841171,5.255799,0.5548471,-0.5143441,1360768111,344672481
sim_inspiral:simulation_id:250,9.241542,1.159501,0.1365797,0.08271896,0.00406126,0.003065327,-0.01475745,0.01516,292.1611,2.197701,4.370703,3.134809,5.451206,0.5613497,1328707954,950942287
sim_inspiral:simulation_id:251,8.407991,1.444243,0.0009134343,0.005025055,0.000745298,-0.003894877,0.009020487,-0.009710734,473.7715,0.5325329,1.969504,1.247828,2.928201,1.343122,1328711066,741677093
sim_inspiral:simulation_id:260,7.387415,1.212996,0.02118758,-0.01000587,-0.004752695,0.005723321,-0.01264305,-0.0003877883,384.2209,0.7079561,5.037197,3.924562,3.619533,-0.2561803,1328836114,665845118
sim_inspiral:simulation_id:269,9.138098,1.305779,-0.05817159,0.03196557,0.1597867,-0.007822515,0.01407214,-0.01020141,201.7713,1.078422,3.566636,3.887957,1.554369,-0.3300516,1328966487,625310685
sim_inspiral:simulation_id:285,8.521972,1.202534,0.1637763,0.3538277,0.03223353,0.01615373,0.007801241,-0.001519616,488.1672,0.5352885,4.956018,1.517305,4.018507,-0.3880805,1329177347,163756298
sim_inspiral:simulation_id:295,9.264753,1.360508,0.01326503,0.111797,-0.2520815,0.03201657,-0.01838794,0.001513081,179.7693,1.774162,0.8342391,3.753494,1.438485,0.3291371,1329284033,769964778
sim_inspiral:simulation_id:2552,9.893018,1.406257,0.04485337,0.1228192,-0.09091612,0.0007707138,-0.0001162402,0.002322179,392.2893,0.7579015,4.919769,0.6771744,2.102582,-1.100488,1360859241,974574081
sim_inspiral:simulation_id:2559,7.433541,1.358955,-0.07522444,-0.03891242,-0.07833496,0.005396069,-0.03855759,0.01566263,455.7215,0.8819334,2.273228,0.8690646,2.512152,0.2869659,1360998010,628395779
sim_inspiral:simulation_id:2568,6.951085,1.410675,0.1624835,0.1379361,0.0588995,-0.01978622,-0.01147897,0.03455892,62.02447,2.044222,2.359668,1.089243,2.270143,1.352945,1361116595,673922715
sim_inspiral:simulation_id:2573,8.897376,1.396038,0.1096709,-0.08037246,0.03356861,-0.01220832,0.018701,-0.02526278,186.3291,2.414491,0.1012737,3.606949,5.636388,-0.1129464,1361171253,739490925
sim_inspiral:simulation_id:2574,6.913427,1.45617,-0.04023537,-0.2200537,0.3679367,0.0146739,-0.00380284,0.008657109,262.7346,1.22351,1.363616,5.411433,5.367336,0.6501131,1361174095,464229829
sim_inspiral:simulation_id:2594,9.859803,1.357818,0.02225458,0.007468951,0.01683349,-0.0003423629,-0.001039322,-0.002372246,274.7819,3.117922,4.489732,4.007461,5.22999,-1.1318,1361520025,206569974
sim_inspiral:simulation_id:2604,8.446636,1.471919,-0.02483781,0.001963685,0.01899071,0.02416729,0.006745247,-0.02370437,461.601,2.716423,5.772372,1.694561,1.528139,-0.05014309,1361716740,773387344
sim_inspiral:simulation_id:2621,8.608373,1.486392,0.03269004,-0.0003105132,0.01495659,0.0004362047,0.00240415,-0.01682668,64.79883,2.051092,4.003209,1.283994,0.9822065,-1.119591,1361955885,84008668
sim_inspiral:simulation_id:2637,7.490702,1.260543,-0.28685,-0.1330232,-0.1106126,-0.02088059,0.005618681,0.002986036,87.64381,1.215205,2.800586,4.37677,4.343151,0.1488651,1362223979,390354123
sim_inspiral:simulation_id:2639,7.986932,1.179806,-0.2842464,0.1387557,-0.3080307,2.173448e-05,-0.001276462,-0.001111592,154.0304,2.723547,5.213078,2.244597,3.763641,-0.1123398,1362229391,943842784
sim_inspiral:simulation_id:2652,9.433936,1.103042,-0.3168375,-0.3681363,0.06264276,-0.005993666,-0.03763273,0.00311711,102.3905,1.899132,3.489584,1.798257,1.505676,-0.01903577,1362384478,162005652
sim_inspiral:simulation_id:2655,7.205191,1.567612,0.03218856,0.4088506,0.2654707,-0.004058814,-0.0067847,0.009437966,239.421,1.105738,1.598341,5.748186,1.852402,-0.3139508,1362421514,403566563
sim_inspiral:simulation_id:2657,8.413282,1.507082,-0.2666778,0.0197656,-0.1964096,-0.02657525,-0.020058,-0.03099309,353.5688,2.260894,3.293746,0.644701,1.309144,0.5901073,1362446973,117503773
sim_inspiral:simulation_id:2674,8.021608,1.102293,0.1599094,0.1184262,0.3848674,0.01905569,0.01281444,0.04185421,324.7464,1.852281,3.073042,5.724362,2.115191,0.5133059,1362635793,319744026
sim_inspiral:simulation_id:2680,6.787194,1.294944,0.02194973,0.4182257,0.1957842,-0.02258634,-0.01821768,0.00121251,242.9763,3.072281,3.420136,4.670317,2.747943,-0.7420055,1362679045,557567460
sim_inspiral:simulation_id:2704,7.403869,1.273675,0.02146477,-0.01228608,-0.04346048,0.003618726,0.008349583,-0.01420854,381.4617,0.4077449,4.397995,4.672512,0.6535077,-1.071089,1363150080,940182679
sim_inspiral:simulation_id:2705,7.602793,1.432917,0.07501839,-0.1509996,0.3973511,0.004259155,-0.001562807,-0.006581696,204.7926,2.02082,0.7862492,3.220862,5.342501,0.1627946,1363160740,420986957
sim_inspiral:simulation_id:2715,8.64988,1.338683,0.01945514,0.01953262,0.0301809,0.004556255,0.01164262,0.001929411,341.6361,0.5824046,4.891394,1.580057,3.713303,0.815966,1363316269,98968115
sim_inspiral:simulation_id:2716,8.267775,1.388134,-0.0373839,0.08850553,-0.003211697,-0.02751515,0.01359338,-0.01635841,116.5396,2.092452,4.172191,2.238268,0.7044924,0.1594681,1363329296,245415665
sim_inspiral:simulation_id:2754,8.794248,1.4139,-0.0005175592,-0.0007144443,0.005623477,-0.004942424,0.005629877,0.008731954,299.2763,1.021617,0.1248455,2.986504,2.471817,-0.8688529,1363793756,540669769
sim_inspiral:simulation_id:2757,7.495426,1.412211,0.05415202,0.02489448,0.2722301,0.02282215,-0.01339518,0.009915298,629.2926,0.3260752,2.27861,0.3464331,5.548595,-0.8623896,1363838816,210087205
sim_inspiral:simulation_id:2802,8.583304,1.337443,-0.3531588,-0.06559608,-0.09024852,0.03267542,0.01253066,-0.01254565,293.5011,2.028573,0.2693678,1.398057,2.824332,-0.9001964,1364504613,858734181
sim_inspiral:simulation_id:2810,9.339503,1.405395,-0.1577445,0.06458243,0.013458,-0.01423277,-0.01183067,-0.02689123,331.6205,0.7253331,5.345714,3.368834,3.402576,-0.8090091,1364602581,892349344
sim_inspiral:simulation_id:2812,6.550985,1.470993,-0.2018345,0.1706608,0.05329309,-0.009646077,0.005344477,0.01033918,306.1209,2.176076,0.2806937,4.010224,1.824467,-0.07399025,1364615140,765786334
sim_inspiral:simulation_id:2843,8.937002,1.207103,-0.07465285,-0.006047809,0.04607577,-0.03814928,-0.02468844,0.01647758,186.4892,1.550742,0.4248484,1.062742,3.889658,-1.141854,1365092231,984281190
sim_inspiral:simulation_id:2845,9.083526,1.432483,0.008114431,0.003928293,0.009358712,-0.009456479,0.01702469,0.039568,340.7467,1.207973,0.4261044,2.239582,0.6958461,0.4457468,1365116565,582207828
sim_inspiral:simulation_id:2867,7.202377,1.091363,0.06618027,-0.1555985,-0.08713162,-0.005942195,-0.003630873,-0.0402803,367.0531,2.530205,6.047466,4.901328,3.404975,1.16065,1365498380,683270662
sim_inspiral:simulation_id:2876,7.556766,1.18621,-0.2817458,-0.0452378,0.2069075,0.002274212,-0.01054435,-0.009031972,311.1663,2.275894,0.5956035,1.667605,2.981935,1.043401,1365558768,341381479
sim_inspiral:simulation_id:2906,7.7835,1.320338,-0.1123186,0.1202784,0.1986708,-0.0008251151,0.003837833,0.03307648,106.8223,1.056474,2.302655,5.459087,2.940691,0.7217594,1365941430,664846335
sim_inspiral:simulation_id:2911,6.501625,1.152556,0.06228966,0.1257426,0.1881817,-0.001998498,0.001949407,-0.01250809,542.5273,0.5344569,0.9289576,5.317228,1.317793,-0.5310288,1366017103,647077691
sim_inspiral:simulation_id:2922,8.576447,1.231848,0.1907314,-0.01730099,-0.04441984,0.04656962,0.003821948,-0.0006154654,437.424,0.3519633,2.668428,0.5416022,1.232112,0.5027885,1366133056,802758692
sim_inspiral:simulation_id:2923,7.047995,1.249427,0.1857724,-0.06933656,-0.007084186,-0.02348951,-0.003895906,0.02576879,190.8692,0.9563775,0.1548917,2.416498,3.770186,-0.6372076,1366152920,287240415
sim_inspiral:simulation_id:2926,7.843822,1.313539,-0.006418565,-0.198244,-0.2259577,-0.01081529,-0.001022636,-0.005504018,434.6754,1.967351,5.944125,0.5927665,5.686917,-0.9623473,1366170108,458994076
sim_inspiral:simulation_id:2929,7.712219,1.17129,0.02984627,-0.07218769,-0.03827492,0.03481613,-0.01969998,0.02499894,314.546,0.2336794,2.275409,4.055892,4.115172,-0.4324079,1366206682,805786215
sim_inspiral:simulation_id:2931,7.675361,1.400615,0.1955299,0.0484024,-0.1258169,-0.003543661,0.004265714,0.001018168,333.904,3.015263,1.008902,0.4878963,1.637868,-1.004021,1366214015,548770902
sim_inspiral:simulation_id:2955,7.881609,1.347315,0.1564567,-0.2108505,0.3705083,-0.01274392,0.03535265,-0.007531037,487.8792,0.3874254,4.115981,1.091877,1.460754,1.135212,1366587870,300988492
sim_inspiral:simulation_id:2973,7.775269,1.486678,0.2970952,-0.3278326,-0.1192309,-0.03066433,-0.01115581,0.006836116,217.0515,0.6187838,3.299519,1.911863,1.481506,-0.3466973,1366747911,888468451
sim_inspiral:simulation_id:2988,7.167263,1.129494,-0.1952796,0.00781962,0.1208584,0.004825593,0.006422897,0.004225191,198.8485,1.037537,0.3440349,0.6747562,2.215294,0.2286899,1367119762,900479387
sim_inspiral:simulation_id:3047,7.206739,1.517923,0.07810719,-0.04763381,0.06282843,0.004555465,-0.04107288,0.02180474,404.0868,0.9873419,6.151387,3.561986,4.83686,1.297631,1367996214,778426166
sim_inspiral:simulation_id:304,8.453884,1.333004,0.2345972,-0.2605352,0.2127007,0.01776013,0.01842602,0.01481815,320.9717,1.63119,0.157983,1.826668,5.644145,-0.6127577,1329374169,898380792
sim_inspiral:simulation_id:310,7.943623,1.386788,-0.009985819,-0.05578797,-0.1699485,0.006793127,0.03666665,-0.009739778,207.0447,2.504932,5.826298,0.2356608,0.7777255,0.3054447,1329518339,828640488
sim_inspiral:simulation_id:329,9.001944,1.3855,-0.02087426,-0.157733,0.005590174,0.02782014,0.004824535,-0.003929666,263.9271,2.798244,1.197897,1.992704,3.868982,-0.3626519,1329708150,397436466
sim_inspiral:simulation_id:337,7.79855,1.439159,0.02734627,-0.06853115,-0.04937643,-0.01055298,-0.02359776,0.004221459,219.9872,0.9995228,1.740873,2.584374,1.372621,-0.6422096,1329754844,739588946
sim_inspiral:simulation_id:342,8.567602,1.337051,-0.04793564,0.02354361,0.003823264,0.00915205,-0.0110142,0.02113116,152.4999,1.03475,4.098677,3.424332,5.895941,0.001044512,1329908063,986919076
sim_inspiral:simulation_id:3057,7.385844,1.353646,0.1472685,0.231187,0.2246221,-0.03034261,-0.01216183,-0.01416109,449.5244,2.808743,4.885071,3.524402,3.248219,0.1573303,1368192072,810501840
sim_inspiral:simulation_id:3063,7.559386,1.345905,0.08589581,0.1698732,-0.08558858,0.009259987,-0.01933391,0.01485908,177.6926,0.3155149,1.23858,0.1968833,4.791578,0.712091,1368275914,654632795
sim_inspiral:simulation_id:3090,8.882506,1.413611,-0.1559225,0.122301,-0.03004094,-0.001751598,0.01022912,-0.001136175,389.1836,0.4238695,5.970811,1.455896,6.016095,0.03462124,1368757864,193739890
sim_inspiral:simulation_id:3103,8.310418,1.51876,0.05953361,-0.1331581,-0.09214708,-0.0345227,-0.02219094,0.01425085,513.4819,2.303481,5.41487,4.775322,4.531518,0.7812241,1369031615,835535663
sim_inspiral:simulation_id:3110,7.881696,1.368443,-0.07748438,-0.04339383,-0.04100855,0.003765294,0.0007545433,-0.00111307,222.3913,2.52821,5.508911,3.057851,0.36667,-1.267803,1369125862,21268276
sim_inspiral:simulation_id:3145,6.257217,1.348062,0.3509049,0.1358751,-0.1687724,0.01249816,-0.0008753748,-0.03848148,146.9286,2.365274,5.25692,3.144372,3.899975,0.3377653,1369749203,813265733
sim_inspiral:simulation_id:3172,7.324096,1.437696,-0.04541482,-0.2385845,0.01108428,-0.002912334,0.001031995,0.008286349,171.8239,2.316183,3.893513,1.544833,2.259624,0.6351936,1370139595,635608226
sim_inspiral:simulation_id:3203,10.49123,1.57937,0.2905923,0.1307856,-0.06351302,0.003187542,0.008098287,-0.02368127,569.3902,3.094876,0.7482924,4.381808,5.557971,-1.276427,1370484780,404382395
sim_inspiral:simulation_id:3208,6.261985,1.322378,-0.002502687,-0.06597499,0.06835756,-0.01285741,0.002497039,0.008332853,420.1631,0.4464904,0.2568121,0.8115273,2.140716,-0.3462617,1370524688,688849058
sim_inspiral:simulation_id:3246,8.023801,1.109737,-0.09180156,0.1418702,-0.3473898,-0.001210872,0.002542692,0.02822549,275.5112,0.1460622,2.793992,3.510453,2.999486,0.2308032,1371269408,971094012
sim_inspiral:simulation_id:3263,8.951278,1.726822,0.1257125,0.02902021,-0.009545776,-0.03300151,0.01834667,0.01511804,378.2757,0.2450805,3.182203,1.571939,3.004382,0.9423094,1371409086,15512093
sim_inspiral:simulation_id:3290,8.047499,1.545285,0.03113301,0.0654397,0.01808877,-0.00839303,0.002359374,0.01685089,537.4813,0.4672082,2.580145,3.316456,2.836118,-0.8093964,1371903384,596251203
sim_inspiral:simulation_id:3294,6.532381,1.039612,0.2098266,-0.1302659,-0.07614758,-5.825504e-06,6.440123e-06,-0.0001605357,409.067,2.71583,3.701884,3.154439,6.062026,-0.1644473,1371937024,569480047
sim_inspiral:simulation_id:3300,9.398837,1.121438,0.06120104,0.0649545,0.06519633,-0.03328305,0.0005887228,-0.01170206,135.2971,2.156506,1.431074,5.302827,2.385847,-0.5866916,1372048187,12386326
sim_inspiral:simulation_id:3305,8.844831,1.438673,0.01843293,-0.1209361,-0.3826501,-0.007913373,0.001895045,0.0253498,310.9292,1.981347,5.32982,4.812817,4.759362,-0.9045117,1372089742,304809742
sim_inspiral:simulation_id:3316,8.178706,1.40441,-0.08129525,0.2259586,0.2791994,-0.0243541,-0.001784022,-0.03940704,94.04603,0.914515,4.961485,1.999315,0.2601276,-0.1253239,1372221482,705243777
sim_inspiral:simulation_id:3320,8.533153,1.351347,0.02616285,-0.0003061562,0.01431454,-0.02332344,0.0208052,0.001073653,410.2609,0.8024272,5.614005,4.161778,5.915687,-1.238689,1372235185,488016257
sim_inspiral:simulation_id:3325,7.871768,1.428123,-0.01104774,-0.03989604,0.03580528,0.00175278,-0.04631636,0.01272285,149.3673,2.015997,4.002956,2.240757,3.936311,-0.334274,1372269381,138247141
sim_inspiral:simulation_id:3329,8.220841,1.751456,0.09927896,-0.406557,0.03041263,-0.009551288,0.01842421,-0.03657857,383.7283,0.7629564,4.622148,5.17613,1.033728,1.324386,1372299771,782345120
sim_inspiral:simulation_id:3351,7.673414,1.523038,-0.03399114,0.01354885,0.032315,0.003737059,0.02771377,-0.0004788408,249.6523,2.180061,6.151304,4.496812,0.01393106,0.0003455877,1372641810,429474643
sim_inspiral:simulation_id:3371,6.926757,1.480626,-0.05031784,0.1626037,-0.1351162,-0.006836786,-0.002972633,0.003357449,590.035,2.583769,3.920516,2.269645,0.7346874,0.6726852,1372867908,859735981
sim_inspiral:simulation_id:3393,7.638537,1.520558,-0.06775033,-0.00899348,-0.1737212,-0.009535004,0.0004156914,0.02414922,392.4235,2.352485,2.288088,1.161654,2.767415,-1.141087,1373101760,3155799
sim_inspiral:simulation_id:3395,7.451977,1.565448,0.09874682,0.0336032,0.2139904,0.003790927,-0.002849638,-0.002673763,512.9907,0.3896934,5.982203,0.3082152,5.612117,0.5404185,1373106811,546275593
sim_inspiral:simulation_id:3416,8.965014,1.543064,0.1004099,-0.04406403,-0.0481776,-0.004573526,0.001340559,0.001640718,291.339,0.3261481,3.661685,4.266123,2.669833,-0.765521,1373333555,551103766
sim_inspiral:simulation_id:3428,8.518818,1.574803,-0.002809168,0.01346119,-0.02359434,0.003414438,0.001631397,-0.02296475,783.7751,0.5854221,5.13467,5.064378,2.523969,-0.4591511,1373612466,906843481
sim_inspiral:simulation_id:3443,7.189264,1.438874,-0.02672787,0.01141846,-0.02221863,-0.0195394,0.03051345,0.01745437,648.4165,0.3009945,2.68137,1.017763,4.59398,0.6942198,1373862908,633388000
sim_inspiral:simulation_id:3472,8.327842,1.373538,-0.003454474,0.03641456,0.02287604,0.01957863,0.0004368805,0.03904419,265.7197,0.4141441,1.923548,0.8585104,5.20207,1.143158,1374330042,804863121
sim_inspiral:simulation_id:3509,9.561793,1.38039,0.33917,-0.2899442,-0.1495546,0.006247849,0.01172488,-0.01785841,383.6487,2.153983,5.484979,3.372058,2.635514,-1.044274,1374910461,413930541
sim_inspiral:simulation_id:3521,8.186649,1.157018,-0.07728803,-0.03499641,0.2126531,-0.01227625,-0.006764945,0.01779832,188.9287,2.582506,4.215132,0.1845217,4.648999,-0.3436814,1375163275,604953624
sim_inspiral:simulation_id:3533,10.133,1.306619,-0.1079864,-0.04740109,0.03593981,0.01080863,-0.01506998,0.01340635,240.3128,0.91181,5.086521,2.244393,5.33229,1.038814,1375351486,846088390
sim_inspiral:simulation_id:3539,5.727553,1.27124,0.2187541,-0.1635474,-0.2143118,-0.02939353,0.006827713,0.03623114,144.5721,2.123297,2.583477,0.4978239,0.6716778,-0.9157315,1375428972,742781276
sim_inspiral:simulation_id:3546,8.567006,1.369265,-0.1390402,-0.06214474,-0.04763447,-0.0120379,-0.0105325,-0.01139665,193.915,0.8801944,3.395443,1.609747,0.9035249,0.7081606,1375539963,398428686
sim_inspiral:simulation_id:362,6.687501,1.517524,0.2326806,-0.09561653,0.3200614,0.01440146,-0.02562843,0.007843756,258.911,2.660391,0.4513445,1.353795,3.508492,-0.0543241,1330102675,415773634
sim_inspiral:simulation_id:3572,8.568085,1.451244,-0.1238951,-0.06215777,-0.08716547,0.02646879,0.01328228,-0.002163584,320.5449,2.339735,4.236485,0.389278,2.574637,-0.2474847,1376022327,299285237
sim_inspiral:simulation_id:3578,6.173702,1.222859,0.02121141,0.0116688,0.322155,0.01248914,0.02151977,-0.01667015,311.7318,0.6545312,3.903961,3.42812,2.766531,1.225364,1376150646,733942656
sim_inspiral:simulation_id:3606,7.297374,1.166756,0.03151074,-0.2406918,0.07962159,-0.001250188,-1.645174e-05,0.003808687,740.6078,0.4408152,4.076589,1.874873,4.761227,-0.7977476,1376578794,759870144
sim_inspiral:simulation_id:3612,7.360512,1.037668,-0.287393,0.1853986,0.05990253,-0.003832156,0.02958659,0.03670037,254.6177,0.7706009,4.91446,0.381367,2.502837,0.3269916,1376650898,130432339
sim_inspiral:simulation_id:3628,6.962273,1.455775,-0.1270766,0.08505364,-0.08205449,0.008454852,0.01621976,-0.02657424,260.6114,2.639748,5.721036,3.680178,4.185336,-0.1467006,1376925764,188202535
sim_inspiral:simulation_id:3691,9.420774,1.592155,0.02338564,-0.009420989,0.01347794,-0.007505718,0.003652043,0.01292789,279.6524,1.850745,0.7671815,1.646926,3.515187,1.08622,1377998056,367890266
sim_inspiral:simulation_id:3698,8.358112,1.361441,-0.0005907447,-0.008729311,-0.008326643,-0.03710451,0.001539189,-0.001315226,473.4278,2.326204,0.3436953,4.30364,4.851984,0.3164558,1378094456,809984093
sim_inspiral:simulation_id:3714,8.476349,1.193343,-0.002388425,-0.08995519,-0.01879191,0.01056289,0.01335962,-0.007994234,367.0999,0.4231986,1.24689,0.3621012,5.921012,0.187333,1378407940,627763499
sim_inspiral:simulation_id:3735,7.117041,1.252703,0.0009716609,0.0004424879,-0.0004911269,0.0002853398,0.01272888,0.01142328,179.002,2.062317,1.927871,4.182865,0.09234019,-0.2309558,1378601826,442990918
sim_inspiral:simulation_id:3752,8.362208,1.406774,0.1868321,-0.08090288,-0.154432,0.03540186,-0.0169773,0.01655031,248.9979,2.563455,4.095054,4.554088,4.809211,-0.7314327,1378892553,358414529
sim_inspiral:simulation_id:3757,8.301059,1.313656,0.0840227,0.04716402,0.3576141,-0.001301088,-0.02220718,-0.0158521,536.7115,2.323268,4.04818,2.320109,0.8785411,0.9112477,1378986382,836139052
sim_inspiral:simulation_id:3785,9.073918,1.112979,-0.1889043,0.01291935,-0.03637696,0.03214964,0.01061426,0.002918167,349.0483,3.074061,4.450757,6.122872,1.111362,-0.6272224,1379459548,493856635
sim_inspiral:simulation_id:3806,7.748117,1.309001,0.1760083,-0.09101725,0.01984083,0.045717,0.004259363,-0.01560064,290.8192,0.7019227,1.085856,4.586753,1.150081,0.08901522,1379840223,609197827
sim_inspiral:simulation_id:3811,7.216694,1.221619,0.1033726,-0.2784859,0.0383159,0.003973455,0.004992336,-0.004168342,541.7784,3.08778,1.338786,2.626962,3.929751,0.1906468,1379891909,793462608
sim_inspiral:simulation_id:3813,7.845394,1.374057,0.1215856,-0.4096351,0.05983288,-0.0006055922,-0.006961368,-0.03957226,295.6824,2.199563,0.3043301,1.187887,3.566292,-0.5096575,1379921023,222968108
sim_inspiral:simulation_id:3837,7.35813,1.441539,-0.02414203,0.1047961,-0.01224383,0.04297037,-0.0117185,0.01418573,287.8843,0.7061294,1.686895,5.482604,5.294939,0.2543608,1380201234,958307170
sim_inspiral:simulation_id:3843,9.629354,1.196331,-0.006834947,-0.003444212,-0.001666715,-0.003485281,-0.02190035,-0.0216552,288.5213,0.1594549,1.378614,2.974569,4.268342,1.124887,1380261496,479318864
sim_inspiral:simulation_id:3846,8.778735,1.346244,-0.3424866,0.109478,0.2934715,0.002224669,-0.004003013,-0.03004399,492.6942,0.1379509,5.497719,5.026822,2.125252,0.7035625,1380478833,300328957
sim_inspiral:simulation_id:3849,9.011872,1.639952,0.01175375,0.26799,0.1334888,-0.006316111,0.01530649,-0.00383967,361.0136,0.3173082,5.94028,5.668028,2.755451,0.7728075,1380519865,670295279
sim_inspiral:simulation_id:3869,8.585634,1.218768,0.332815,0.1547457,0.1754017,-0.02004389,-0.006980865,-0.04372742,470.3037,0.3318621,4.64209,2.091317,6.065075,1.12955,1380790666,770680686
sim_inspiral:simulation_id:3885,7.035668,1.256565,0.1190118,-0.2241528,0.02105713,-0.0009757963,-0.04761602,-0.005688833,134.6137,0.4957718,4.406413,3.80977,2.779461,-0.5101572,1381078364,825041238
sim_inspiral:simulation_id:3896,8.317897,1.371693,-0.02449381,0.03552736,0.04414817,0.01175903,0.03468751,0.001619197,233.7625,1.877117,2.006237,3.907449,2.929712,0.09626312,1381168143,872691550
sim_inspiral:simulation_id:3902,6.99016,1.159751,-0.1092835,0.1372685,-0.00468631,0.009559182,0.03337189,-0.009573076,474.9722,2.660082,6.201382,2.021045,1.870514,0.5818032,1381247604,921614860
sim_inspiral:simulation_id:3905,7.345457,1.450981,-0.02783732,0.06417406,-0.07744393,-0.00873042,-0.02222583,-0.02218697,158.2573,2.318575,0.6921346,2.770532,3.435694,-0.3461647,1381309226,961642595
sim_inspiral:simulation_id:3910,6.538305,1.314443,0.02735148,0.008939398,-0.01800746,-0.001523839,0.008898749,-0.008564833,198.7924,2.707157,3.76433,2.508577,3.421015,-0.1894703,1381415375,149936969
sim_inspiral:simulation_id:3949,6.237561,1.087669,-0.3354484,-0.01253019,0.04547927,0.03485782,-0.02739144,0.02090103,217.7223,2.18053,4.947306,3.596491,0.9468861,0.0353157,1381787777,589211638
sim_inspiral:simulation_id:3957,7.414938,1.762024,-0.009131989,-0.008567479,-0.04330145,0.0005616263,-0.007697151,-0.01009027,470.7026,2.732129,1.57574,3.809302,0.7991083,0.2321616,1381882003,530924755
sim_inspiral:simulation_id:3958,8.56331,1.453737,0.2964762,-0.04968339,-0.1368469,0.01740689,0.01840369,-0.0008025725,185.5102,1.829825,2.446284,5.632238,4.319776,-0.1664816,1381887984,67798044
sim_inspiral:simulation_id:3962,9.814086,1.258878,-0.02852903,-0.008031333,-0.07469688,-0.00647865,0.03728446,-0.02853564,230.0095,2.81958,1.785539,1.05588,0.5746288,0.06128201,1381945457,239421613
sim_inspiral:simulation_id:3991,6.09096,1.439077,-0.07754489,0.07397693,-0.1961679,-0.0101551,0.01806639,-0.01132604,89.83986,0.584028,0.5873603,2.522222,2.297854,-0.4085953,1382266734,27086306
sim_inspiral:simulation_id:3993,7.666833,1.512513,-0.07732647,0.1199427,-0.4226345,-0.02788074,0.01183958,-0.0198722,337.9885,2.360055,5.968493,0.3508978,5.111376,0.8643291,1382305955,552252806
sim_inspiral:simulation_id:4004,9.527353,1.516732,-0.01292066,-0.001518149,-0.009581586,-0.002295299,-0.04613994,0.01540622,310.5666,2.847205,1.952179,0.9937016,0.8569152,-0.4305623,1382470078,690688759
sim_inspiral:simulation_id:4006,8.452603,1.454721,-0.01313552,0.06619439,-0.02181786,0.01326626,0.008252392,0.03447521,366.4993,2.162766,5.31961,2.57738,0.7597437,-0.2009424,1382483826,868193295
sim_inspiral:simulation_id:4007,8.87845,1.425539,-0.05015048,0.05210491,-0.01856245,-0.007197468,0.006442302,0.02175752,503.8963,0.2271452,3.588395,2.61515,3.348372,0.5661547,1382506962,138235433
sim_inspiral:simulation_id:4010,8.151076,1.334716,0.2141508,0.4168903,-0.09180915,-0.03215813,0.001616738,0.01552388,352.4927,1.920502,3.307097,0.7292902,3.840947,0.1320081,1382555343,521732751
sim_inspiral:simulation_id:4025,7.665895,1.361703,0.02019222,-0.04402719,0.009288333,0.007445741,-0.00248217,-0.0002331025,133.2519,1.440884,0.1661657,3.656959,1.073599,0.2447887,1382726710,699016894
sim_inspiral:simulation_id:4027,8.283805,1.301712,-0.2797498,0.04064822,0.02053526,0.01954365,-0.02653642,0.01737179,271.4267,1.74289,1.094451,5.165096,2.886671,-0.1947383,1382765732,205429993
sim_inspiral:simulation_id:4028,7.022156,1.537247,-0.01832086,0.02110433,0.04074619,0.02485936,0.03243117,-0.009101148,148.4651,2.36817,3.070377,1.288948,2.141229,0.05990177,1382805804,935843871
sim_inspiral:simulation_id:4044,6.622729,1.33068,-0.2828031,-0.2191827,0.2182225,0.005910736,-0.002314023,0.0005225285,349.24,2.838216,6.258438,1.485463,1.907344,0.4788422,1383058073,369234490
sim_inspiral:simulation_id:4049,6.930379,1.549093,0.1902907,-0.1040732,-0.004836118,-0.03211742,0.02583067,-0.00320091,443.3712,2.829378,3.016357,1.76455,5.768607,0.6854901,1383108306,355051735
sim_inspiral:simulation_id:412,8.450413,1.14342,-0.1320431,0.05506978,-0.001323583,-0.0006433332,-0.0001999049,0.00026345,406.1281,0.8184198,4.382911,3.877263,2.717887,0.5430371,1330845854,275889946
sim_inspiral:simulation_id:419,8.853391,1.476358,0.2561702,0.3974299,-0.1083228,-0.007875313,-0.01938477,0.003870811,345.1743,2.127704,5.71527,4.080242,4.101104,0.4052299,1330943664,494753363
sim_inspiral:simulation_id:425,7.880887,1.192258,0.3974012,0.1573825,0.1623345,0.02278173,0.02808608,0.03164778,412.5142,1.167343,0.6463113,4.194405,1.510075,0.2124152,1331000817,405239412
sim_inspiral:simulation_id:430,7.386866,1.367464,0.06995627,-0.1150889,-0.3999393,-0.009683129,0.002635344,-0.01067178,105.2307,2.991438,4.173905,4.031127,1.973334,-0.2061865,1331058793,91417830
sim_inspiral:simulation_id:445,8.496131,1.402565,0.05804294,-0.04762968,-0.1638293,-0.004639816,-0.03450254,-0.03291643,174.0583,2.310186,3.78023,3.564839,2.834842,1.424894,1331319562,226469792
sim_inspiral:simulation_id:4115,7.225009,1.222893,-0.01499381,-0.03683562,-0.09845439,-0.002555585,-0.0006978213,0.001261967,500.4532,2.790952,2.473256,5.468122,2.624394,0.4008109,1384093763,734646315
sim_inspiral:simulation_id:4134,8.448839,1.306214,-0.311434,0.05864795,0.1007751,0.001766245,-0.006158945,0.002424238,235.7697,2.682598,1.984352,5.999091,0.4509423,0.7125605,1384425588,769388747
sim_inspiral:simulation_id:4135,9.682278,1.664531,0.07662991,0.03571887,0.03393017,-0.004890616,-0.03617477,-0.009928675,356.7618,2.364665,0.09011213,5.405801,3.780839,-1.274475,1384456717,631121390
sim_inspiral:simulation_id:4160,9.495526,1.269818,-0.4173711,0.1927323,-0.03003929,0.01424278,-0.01483203,-0.0211905,400.2278,0.3080401,1.113655,0.107445,0.5660857,-0.6853182,1384878773,520236772
sim_inspiral:simulation_id:4175,7.405247,1.286662,0.3265055,-0.3050868,-0.1062889,0.03681276,0.005031555,0.02953736,366.6087,0.322185,1.456735,3.01456,0.6718422,-0.6529053,1385146460,191293214
sim_inspiral:simulation_id:4181,9.418949,1.309471,-0.07163744,0.02027115,-0.07416385,0.007385521,0.01511241,-0.0264008,291.4875,0.2827704,5.337028,5.678104,0.5970027,-0.8414252,1385227586,937305335
sim_inspiral:simulation_id:4192,8.23604,1.616999,-0.007857479,-0.1771503,0.06697322,0.0155737,0.01429431,0.01703821,317.0029,1.117585,4.486697,4.520177,3.858083,-0.6879368,1385346137,705192765
sim_inspiral:simulation_id:4199,7.913393,1.480509,-0.1301607,-0.3082892,0.07672628,0.01098674,0.004063818,0.01982729,329.2321,2.313788,2.229869,2.792185,5.793428,1.075745,1385418680,355608085
sim_inspiral:simulation_id:4209,8.597355,1.185938,0.2475028,0.0703244,0.1409164,-0.009978621,0.01083414,0.03335777,239.8888,2.503197,3.099606,1.184564,1.769015,-0.575629,1385494577,581984677
sim_inspiral:simulation_id:4218,7.154126,1.222392,0.01266862,-0.005888852,-0.0005096783,0.02143646,-0.01327372,-0.01704532,683.4291,0.4304463,0.7622897,5.697749,4.179634,0.8073082,1385666057,27064269
sim_inspiral:simulation_id:4239,8.290263,1.232799,0.1199183,-0.09340872,-0.01957119,0.01233496,-0.04434899,0.01188606,276.2325,2.220483,0.1582578,0.6900728,5.716241,1.2258,1385953761,897739740
sim_inspiral:simulation_id:4255,7.770831,1.29239,0.07190652,0.4127445,-0.0075471,0.02396614,0.01439386,-0.01846047,207.8528,0.713815,3.466733,0.9447536,3.595518,-1.078455,1386202882,705566441
sim_inspiral:simulation_id:4258,7.845881,1.229453,0.2010485,0.2731499,-0.1872276,-0.003417116,-0.01286226,-0.009990778,165.8296,0.3244064,1.507823,2.088199,5.411641,-0.9875393,1386213040,464419679
sim_inspiral:simulation_id:4262,7.540585,1.307288,-0.172989,-0.02293927,-0.09266847,-0.00167376,0.006762412,0.004551863,271.7788,0.5356981,2.44692,3.2616,5.907954,-0.773568,1386262692,942563155
sim_inspiral:simulation_id:4267,7.918826,1.492805,-0.08644716,0.1117153,-0.003765945,0.02786392,-0.02473798,0.01501005,541.5261,0.482809,0.8139908,5.417497,2.330175,0.8593563,1386311229,733760004
sim_inspiral:simulation_id:4270,7.694915,1.197189,-0.05149851,0.3932954,-0.2081745,-0.01474712,-0.02753422,0.006614284,234.163,1.614428,5.992261,0.1045547,4.264639,0.1114686,1386344991,722877507
sim_inspiral:simulation_id:4272,7.719615,1.326627,0.07022383,0.1657163,0.2573644,0.001272604,0.0004994028,0.002236798,230.317,2.69126,5.078783,4.85623,6.165559,0.2488741,1386359703,33550040
sim_inspiral:simulation_id:4284,8.450567,1.491638,-0.1546434,-0.01020562,-0.04168316,-0.01384814,0.01053799,-0.01015044,607.0291,0.4304443,0.8270921,2.115349,5.354489,-0.9469625,1386496529,440630578
sim_inspiral:simulation_id:4288,6.032249,1.277052,-0.1338746,-0.05722104,-0.03143571,-0.03041649,0.0006343802,0.01608896,232.3083,2.66018,5.01437,3.438564,5.752539,0.9353099,1386582488,648004346
sim_inspiral:simulation_id:4298,8.886402,1.611241,0.003327567,-0.05805601,0.0267623,-0.01207372,0.008803898,0.02311209,257.3637,1.673152,5.844693,4.454813,2.554369,-1.045097,1386754367,797510457
sim_inspiral:simulation_id:4310,8.624365,1.383623,-0.07234536,-0.1822153,-0.1219487,-0.0005461714,-0.01428398,-0.04459039,196.24,0.9932178,0.6990178,3.660599,4.017512,-0.7767373,1386939051,280859672
sim_inspiral:simulation_id:4345,8.321847,1.403028,-0.1059002,0.09772666,-0.4464175,0.004640399,-0.04074317,-0.01218918,522.6833,2.874366,2.797545,2.859187,1.104773,-1.072425,1387467139,243577943
sim_inspiral:simulation_id:4349,8.627939,1.254727,0.01618571,-0.1124073,-0.00754882,-0.03529981,0.007179732,-0.006127431,363.1247,0.9611662,2.441804,3.521996,3.831441,1.021679,1387558226,109273436
sim_inspiral:simulation_id:4372,7.720349,1.356318,-0.03977332,-0.2572075,0.133656,0.008655478,0.02189706,0.006786047,339.2198,1.89822,0.4649558,4.832322,0.7409891,1.169972,1387957484,564399901
sim_inspiral:simulation_id:4380,6.523436,1.24654,-0.03798668,0.1017095,0.102419,-0.004176002,-0.01380235,-0.01386288,375.4573,2.139587,3.053494,0.4516207,2.27455,0.01825315,1388091654,841693102
sim_inspiral:simulation_id:4381,6.328716,1.200309,0.1176264,-0.07134213,-0.05327612,0.01716198,-0.0151492,-0.01628664,209.1277,2.04697,4.603608,2.245482,1.504211,-1.009556,1388102018,99960108
sim_inspiral:simulation_id:451,7.811351,1.351503,0.1427373,0.3702943,-0.1963692,0.004718606,0.009754634,-0.04617513,375.3435,2.172132,3.798977,1.308989,5.518567,0.2655068,1331404498,978785649
sim_inspiral:simulation_id:467,9.966808,1.487571,0.1112835,0.1542721,-0.02381727,0.01081061,0.02718666,-0.0301786,268.2876,1.655095,0.654914,6.220018,5.496926,0.4630832,1331640528,951403577
sim_inspiral:simulation_id:472,9.518995,1.169839,0.08083129,-0.02513862,0.01625085,0.026087,1.009682e-05,0.03682933,201.4336,0.07253677,0.3227643,4.175879,3.321835,0.2018774,1331732024,584037756
sim_inspiral:simulation_id:504,7.691203,1.22635,-0.02340897,0.1102965,0.1496226,-0.03911943,0.01738752,0.006982514,385.231,0.1708738,1.036532,3.871951,0.8190489,0.3096829,1331987278,864187142
sim_inspiral:simulation_id:539,9.267947,1.536882,-0.0657739,-0.2269501,-0.04616709,-0.00688603,0.02705985,-0.00851436,453.6921,2.787234,2.880757,5.042308,4.723572,0.9271175,1332505952,903551544
sim_inspiral:simulation_id:548,9.672862,1.184534,-0.05362864,0.4052339,0.04686447,-0.03353869,0.0086969,0.0130935,120.8219,2.341759,4.417089,2.726344,4.265254,1.267536,1332669359,566112556
sim_inspiral:simulation_id:62,9.268909,1.240142,0.07388249,-0.1878191,-0.1406989,-0.006649288,0.0338137,0.01486086,263.2149,2.931662,1.553735,2.640926,5.306205,-0.1135065,1325907090,648771756
sim_inspiral:simulation_id:66,8.494562,1.240246,-0.3258139,0.1956298,0.2276523,0.01871097,0.006489564,0.008975049,518.1641,0.6365331,4.219761,1.693116,1.782768,-0.9123644,1325953880,854543586
sim_inspiral:simulation_id:88,9.450073,1.188868,0.0835288,-0.4015167,-0.0937686,-0.008381296,0.04130011,-0.007175534,176.5277,0.9185687,0.169289,4.504104,3.781366,-0.1535256,1326305206,499701731
sim_inspiral:simulation_id:555,8.578547,1.375151,-0.1336231,-0.07014072,-0.008718617,0.01704718,-0.02083944,0.02639249,394.8823,2.949466,2.266372,3.80234,0.2134716,0.4098644,1332760057,94527881
sim_inspiral:simulation_id:564,8.794822,1.217493,0.03864661,-0.3099453,0.2694539,0.01796727,-0.01337552,0.04394459,105.7541,2.265469,1.666818,4.725875,5.692117,1.258719,1332884247,757817133
sim_inspiral:simulation_id:576,7.695748,1.204144,0.09379343,-0.001436547,-0.01424563,0.03522076,-0.002665002,0.01755378,243.3669,2.328069,4.902613,0.1671488,3.38911,-0.4162801,1333112378,837830193
sim_inspiral:simulation_id:579,7.235662,1.487397,-0.2576707,-0.3065228,-0.09975614,-0.01810178,-0.04201414,-0.007234239,301.2797,3.000349,0.4359089,3.072948,0.7727297,-0.5883768,1333175465,624862219
sim_inspiral:simulation_id:586,7.221934,1.408919,0.05817263,-0.03150611,-0.1604305,0.02720676,0.01479768,0.02944119,428.0893,3.049954,5.267291,1.934486,1.896863,1.441064,1333254680,841977449
sim_inspiral:simulation_id:603,10.64845,1.483119,0.02736297,0.006735095,0.02538222,-0.009554854,-0.002901898,0.02531837,350.5501,0.2937329,0.5234231,2.613177,2.213777,0.377272,1333549596,187729286
sim_inspiral:simulation_id:622,7.360874,1.198705,-0.2548419,0.03660578,0.110186,-0.01809607,0.01402965,-0.0001488771,211.958,1.162696,5.420723,0.1387028,4.182741,-0.8055222,1333918902,173978911
sim_inspiral:simulation_id:623,8.572476,1.320188,-0.122994,-0.3560721,-0.1909441,-0.000397461,0.01856968,-0.02304195,236.9054,1.810244,3.70019,1.420223,4.22299,0.8701357,1333951999,447109416
sim_inspiral:simulation_id:678,7.641514,1.498362,-0.2730193,-0.1183128,0.1374115,-0.008398789,0.0005736169,-0.002472426,182.8834,2.266768,2.281428,6.170656,1.74559,0.3062914,1334752210,602030601
sim_inspiral:simulation_id:718,7.794612,1.307661,0.2211878,0.03775715,-0.04794303,0.03850953,-0.02203579,0.008569095,452.3192,2.258066,4.777827,5.564984,0.7066872,0.03625341,1335125883,821894134
sim_inspiral:simulation_id:719,9.085433,1.633247,0.1570671,-0.3784591,0.2329499,-0.01111864,-0.03754381,-0.02802542,240.3879,2.735922,3.262103,0.2347795,0.6639678,0.6835403,1335154939,570324017
sim_inspiral:simulation_id:739,8.299774,1.41215,0.001009737,-0.003742594,-0.006433486,-0.001779191,0.02297874,-0.02371968,404.6608,0.6837939,4.68996,4.980523,2.395058,-0.5110306,1335434664,513183392
sim_inspiral:simulation_id:744,7.119301,1.526879,-0.02992092,0.3651617,-0.003866813,0.01607753,0.01216954,0.02298305,415.7909,0.7511366,5.624212,0.4724044,3.76823,-0.6648235,1335458788,722526066
sim_inspiral:simulation_id:746,8.854589,1.435052,0.1597392,0.04455412,0.1390677,0.000723284,0.01237733,0.009868346,311.9614,1.04949,0.2197261,0.857217,5.7778,0.7511136,1335463718,642473183
sim_inspiral:simulation_id:779,6.137644,1.351894,0.05890891,0.0608688,-0.002825457,0.003802716,-0.00482584,0.002551634,127.3559,1.065179,2.207608,4.045027,4.99478,-0.9259601,1336079657,352103000
sim_inspiral:simulation_id:780,9.516912,1.165484,-0.008771852,0.3559318,0.0420356,-0.002473698,0.003081153,-0.005400208,650.03,0.5598346,6.05362,3.499238,5.259177,-1.170149,1336086708,734647256
sim_inspiral:simulation_id:790,8.400335,1.15651,-0.1341074,0.3761406,0.009385942,-0.002496849,-0.0209483,0.04462506,129.4846,0.2424951,4.373869,4.393521,5.863735,0.3131165,1336190119,724268236
sim_inspiral:simulation_id:791,8.778866,1.378178,0.221948,-0.2325913,-0.08797998,-0.005983659,0.02159325,-0.02462578,486.0176,0.8050209,3.753262,5.407978,3.464294,-0.7407194,1336235055,81258575
sim_inspiral:simulation_id:800,7.364195,1.393176,0.05101516,0.001887484,-0.4810328,-0.008024289,-0.02059415,-0.004323195,602.3148,2.448913,4.832738,0.7637316,3.363946,0.574727,1336372096,315274693
sim_inspiral:simulation_id:806,8.213038,1.133666,0.2125017,-0.2052641,-0.00345068,-0.003979941,3.332931e-05,-0.01747913,110.6489,2.456147,0.500394,5.71901,4.036199,0.6038523,1336476787,917676936
sim_inspiral:simulation_id:810,7.682558,1.355912,-0.2756268,0.1309539,-0.02174927,0.0005145246,-0.0135115,-0.01878684,364.2476,2.858536,3.383058,2.646008,2.561139,-0.5992802,1336499563,927359601
sim_inspiral:simulation_id:816,7.548961,1.305199,-0.1020314,0.01394936,-0.01202652,0.01325522,0.02063625,0.01191349,226.7559,2.451651,4.174803,2.99575,3.289269,0.8428159,1336609401,658009507
sim_inspiral:simulation_id:827,7.715711,1.036385,-0.02396453,0.004033901,0.0603043,0.03403842,0.0234091,-0.005830602,427.5026,2.885068,3.092608,4.866775,5.590734,-0.5975584,1336876234,657612621
sim_inspiral:simulation_id:828,8.792207,1.268225,-0.02760203,0.03030434,-0.006764498,0.005987916,0.006867359,0.008322816,193.2914,1.702554,3.818467,0.3753004,5.931698,-1.084112,1336878460,418849090
sim_inspiral:simulation_id:830,7.863598,1.350452,-0.002054437,0.01091068,0.02411299,-0.005159378,0.01090653,0.02021859,385.68,2.832252,2.505603,2.422416,4.673011,0.919197,1336885059,947801972
sim_inspiral:simulation_id:836,6.66671,1.525979,0.04558187,0.0163912,-0.1438798,0.02409383,0.01912315,-0.008898383,353.7776,0.8735923,2.277747,2.246503,1.321469,-0.04815019,1336975683,442109429
sim_inspiral:simulation_id:848,6.339851,1.412961,-0.03897214,0.02093459,0.01211197,0.009684317,0.006974573,0.03132874,286.1436,2.475004,1.770095,5.202343,5.507547,-0.326573,1337124453,77472225
sim_inspiral:simulation_id:854,8.998068,1.319963,0.08391795,0.2687401,0.4118028,-0.000540087,-0.02966965,-0.01103044,514.955,0.7686877,6.235549,5.654911,3.516411,0.8052519,1337228915,961901276
sim_inspiral:simulation_id:866,7.457375,1.476815,-0.2298558,-0.2189017,0.164264,0.001290962,0.01516186,0.006543692,570.5782,0.6489292,1.115162,0.3198466,2.764456,-0.4719827,1337347901,964726806
sim_inspiral:simulation_id:910,7.646427,1.030059,-0.001213683,0.114364,-0.07008015,-0.0005830043,-0.005247108,-0.01162446,239.4179,0.7437161,0.3879704,3.968357,2.306079,-0.1019701,1338001379,810717880
sim_inspiral:simulation_id:996,7.815579,1.620082,0.2870014,-0.1906252,-0.05773725,0.004559136,-0.02128596,-0.03417663,603.8624,2.434853,0.8496333,2.741741,6.174064,-0.8135495,1339128689,359988082
