430 0.012942 52.679000
3991 0.000013 43.784000
2680 0.004453 24.087000
129 0.012296 23.297000
2639 0.013046 23.140000
3539 0.026213 19.395000
3145 0.002899 19.267000
2876 0.003860 18.058000
2988 0.003839 16.621000
2420 0.001022 16.165000
3578 0.043916 16.122000
910 0.002194 15.677000
1351 0.039007 15.578000
3246 0.027385 15.470000
3612 0.005384 15.381000
1458 0.000108 15.333000
2368 0.001449 15.201000
1232 0.012028 14.667000
362 0.000163 14.409000
3521 0.000277 14.241000
3993 0.000547 14.232000
2867 0.003493 14.178000
3949 0.015903 14.104000
1293 0.004273 14.079000
1099 0.065341 13.938000
2705 0.003405 13.896000
2674 0.038953 13.748000
854 0.001986 13.620000
1907 0.002840 13.409000
827 0.000727 13.315000
3757 0.001102 13.235000
2452 0.062137 13.180000
3294 0.019764 13.118000
4345 0.004500 13.043000
1007 0.000241 12.996000
2955 0.005252 12.902000
425 0.000043 12.880000
1107 0.025072 12.871000
4044 0.004673 12.870000
1178 0.002812 12.674000
1982 0.024120 12.619000
800 0.028037 12.582000
1488 0.000302 12.507000
1776 0.000097 12.473000
4270 0.003283 12.465000
2911 0.020380 12.457000
4381 0.001898 12.439000
2447 0.000001 12.438000
1554 0.013726 12.380000
2010 0.002983 12.364000
2241 0.020671 12.337000
4380 0.000665 12.323000
1660 0.000467 12.134000
2574 0.006050 12.113000
2621 0.000000 72.496000
1039 0.000000 61.774000
5 0.000000 60.482000
1187 0.000000 53.613000
171 0.000000 47.826000
3316 0.000000 44.284000
2637 0.000000 43.474000
548 0.000000 41.289000
2 0.000000 40.080000
564 0.000000 35.885000
2573 0.000000 33.836000
109 0.000000 32.864000
3063 0.000000 32.764000
2568 0.000000 31.586000
2042 0.000000 31.482000
1572 0.000000 29.501000
2352 0.000000 28.641000
806 0.000000 28.477000
3905 0.000000 28.355000
1524 0.000000 28.121000
1661 0.000000 27.922000
1455 0.000000 27.441000
2424 0.000000 27.210000
4181 0.000000 26.857000
1286 0.000000 26.843000
3325 0.000000 26.367000
310 0.000000 26.172000
2594 0.000000 25.211000
2283 0.000000 25.150000
2024 0.000000 24.897000
579 0.000000 24.507000
3110 0.000000 24.418000
3546 0.000000 24.217000
622 0.000000 24.108000
4028 0.000000 23.102000
3752 0.000000 23.022000
3885 0.000000 22.884000
2906 0.000000 22.845000
337 0.000000 22.815000
4004 0.000000 22.716000
2318 0.000000 22.618000
779 0.000000 21.911000
168 0.000000 21.854000
790 0.000000 21.614000
1868 0.000000 21.537000
342 0.000000 21.387000
848 0.000000 21.308000
4258 0.000000 21.285000
816 0.000000 21.271000
1924 0.000000 21.147000
2366 0.000000 21.105000
2923 0.000000 21.024000
4209 0.000000 20.995000
1457 0.000000 20.862000
3628 0.000000 20.720000
1242 0.000000 20.585000
3962 0.000000 20.520000
3472 0.000000 20.471000
1933 0.000000 20.152000
4025 0.000000 20.123000
2716 0.000000 20.120000
4255 0.000000 20.109000
3533 0.000000 20.107000
2058 0.000000 19.648000
3300 0.000000 19.267000
1875 0.000000 19.245000
3172 0.000000 19.236000
4134 0.000000 19.046000
1019 0.000000 18.806000
295 0.000000 18.792000
1354 0.000000 18.629000
4272 0.000000 18.517000
123 0.000000 18.469000
2103 0.000000 18.398000
3806 0.000000 18.112000
1325 0.000000 18.072000
1388 0.000000 18.069000
1417 0.000000 18.043000
2019 0.000000 17.937000
828 0.000000 17.842000
1207 0.000000 17.724000
1092 0.000000 17.673000
1630 0.000000 17.554000
1681 0.000000 17.427000
4288 0.000000 17.221000
719 0.000000 17.128000
1410 0.000000 17.069000
1267 0.000000 16.974000
2843 0.000000 16.874000
329 0.000000 16.805000
2657 0.000000 16.804000
1153 0.000000 16.778000
4239 0.000000 16.775000
586 0.000000 16.700000
445 0.000000 16.687000
3896 0.000000 16.641000
1610 0.000000 16.620000
222 0.000000 16.547000
2377 0.000000 16.519000
247 0.000000 16.444000
14 0.000000 16.420000
3509 0.000000 16.344000
2973 0.000000 16.324000
2109 0.000000 16.295000
3263 0.000000 16.271000
1903 0.000000 16.151000
1266 0.000000 16.089000
4049 0.000000 16.066000
1190 0.000000 16.043000
2418 0.000000 16.035000
3843 0.000000 16.019000
678 0.000000 16.013000
3785 0.000000 16.012000
1117 0.000000 16.000000
1094 0.000000 15.893000
2483 0.000000 15.883000
3103 0.000000 15.869000
2929 0.000000 15.830000
2183 0.000000 15.801000
2802 0.000000 15.798000
3813 0.000000 15.759000
1240 0.000000 15.756000
1629 0.000000 15.756000
4262 0.000000 15.635000
1752 0.000000 15.616000
3416 0.000000 15.552000
1132 0.000000 15.393000
2054 0.000000 15.374000
744 0.000000 15.367000
2931 0.000000 15.362000
4199 0.000000 15.296000
3691 0.000000 15.226000
250 0.000000 15.070000
1900 0.000000 14.999000
2757 0.000000 14.998000
412 0.000000 14.979000
3572 0.000000 14.973000
66 0.000000 14.962000
1299 0.000000 14.897000
4192 0.000000 14.841000
555 0.000000 14.829000
1204 0.000000 14.741000
2604 0.000000 14.702000
269 0.000000 14.630000
2754 0.000000 14.610000
1748 0.000000 14.610000
830 0.000000 14.604000
160 0.000000 14.572000
2139 0.000000 14.568000
3290 0.000000 14.358000
4160 0.000000 14.330000
193 0.000000 14.246000
2113 0.000000 14.226000
2810 0.000000 14.209000
3208 0.000000 14.167000
3443 0.000000 14.166000
2922 0.000000 14.083000
419 0.000000 14.056000
3393 0.000000 14.052000
4284 0.000000 14.001000
1291 0.000000 13.952000
260 0.000000 13.946000
4349 0.000000 13.940000
1317 0.000000 13.895000
3910 0.000000 13.894000
1112 0.000000 13.881000
3305 0.000000 13.879000
2655 0.000000 13.866000
472 0.000000 13.859000
810 0.000000 13.855000
2347 0.000000 13.803000
62 0.000000 13.790000
1878 0.000000 13.758000
1040 0.000000 13.743000
3846 0.000000 13.731000
739 0.000000 13.699000
2552 0.000000 13.654000
4115 0.000000 13.591000
4175 0.000000 13.561000
3090 0.000000 13.548000
1273 0.000000 13.543000
2559 0.000000 13.533000
2186 0.000000 13.528000
3869 0.000000 13.518000
2493 0.000000 13.487000
576 0.000000 13.473000
2715 0.000000 13.472000
1613 0.000000 13.470000
2277 0.000000 13.456000
467 0.000000 13.446000
4010 0.000000 13.411000
2812 0.000000 13.411000
1009 0.000000 13.405000
11 0.000000 13.391000
1823 0.000000 13.368000
2489 0.000000 13.331000
2093 0.000000 13.312000
1085 0.000000 13.306000
152 0.000000 13.299000
1856 0.000000 13.282000
2926 0.000000 13.273000
237 0.000000 13.234000
1759 0.000000 13.213000
3849 0.000000 13.197000
3735 0.000000 13.192000
304 0.000000 13.181000
2546 0.000000 13.180000
791 0.000000 13.172000
1168 0.000000 13.155000
1463 0.000000 13.110000
2245 0.000000 13.108000
4027 0.000000 13.101000
1595 0.000000 13.090000
2704 0.000000 13.085000
3714 0.000000 13.075000
2652 0.000000 13.066000
3837 0.000000 13.037000
3351 0.000000 13.027000
539 0.000000 13.007000
1182 0.000000 12.993000
3811 0.000000 12.932000
2407 0.000000 12.922000
451 0.000000 12.909000
4298 0.000000 12.902000
2091 0.000000 12.862000
4135 0.000000 12.838000
1261 0.000000 12.809000
3395 0.000000 12.807000
3329 0.000000 12.787000
1950 0.000000 12.776000
1714 0.000000 12.774000
718 0.000000 12.771000
2845 0.000000 12.768000
4006 0.000000 12.682000
1424 0.000000 12.650000
866 0.000000 12.643000
1088 0.000000 12.639000
1606 0.000000 12.628000
196 0.000000 12.565000
4310 0.000000 12.516000
746 0.000000 12.491000
836 0.000000 12.481000
3320 0.000000 12.453000
3371 0.000000 12.444000
88 0.000000 12.439000
3057 0.000000 12.424000
3203 0.000000 12.416000
2233 0.000000 12.346000
2062 0.000000 12.341000
3958 0.000000 12.315000
996 0.000000 12.311000
4267 0.000000 12.295000
3698 0.000000 12.246000
3047 0.000000 12.223000
3606 0.000000 12.195000
1518 0.000000 12.191000
4372 0.000000 12.178000
623 0.000000 12.170000
176 0.000000 12.141000
4007 0.000000 12.127000
603 0.000000 12.125000
3902 0.000000 12.125000
251 0.000000 12.106000
1018 0.000000 12.067000
285 0.000000 12.062000
2169 0.000000 12.059000
504 0.000000 12.057000
3428 0.000000 12.046000
780 0.000000 12.019000
3957 0.000000 12.017000
2334 0.000000 12.006000
4218 0.000000 12.002000
