1.000000000e+01 1.210670653e-44
1.002306000e+01 1.185797511e-44
1.004617300e+01 1.161753293e-44
1.006934000e+01 1.138477903e-44
1.009256000e+01 1.115917999e-44
1.011583300e+01 1.094027092e-44
1.013916100e+01 1.072763562e-44
1.016254200e+01 1.052090646e-44
1.018597600e+01 1.031974994e-44
1.020946500e+01 1.012386923e-44
1.023300800e+01 9.932996415e-45
1.025660600e+01 9.746885273e-45
1.028025800e+01 9.565313162e-45
1.030396400e+01 9.388077686e-45
1.032772500e+01 9.214992028e-45
1.035154100e+01 9.045885089e-45
1.037541200e+01 8.880598787e-45
1.039933700e+01 8.718986615e-45
1.042331800e+01 8.560915411e-45
1.044735500e+01 8.406271435e-45
1.047144600e+01 8.254951746e-45
1.049559400e+01 8.106860172e-45
1.051979600e+01 7.961907061e-45
1.054405500e+01 7.820007804e-45
1.056837000e+01 7.681083354e-45
1.059274100e+01 7.545058466e-45
1.061716800e+01 7.411861391e-45
1.064165100e+01 7.281412157e-45
1.066619100e+01 7.153628047e-45
1.069078700e+01 7.028430295e-45
1.071544000e+01 6.905743792e-45
1.074015000e+01 6.785496305e-45
1.076491700e+01 6.667619210e-45
1.078974100e+01 6.552046239e-45
1.081462200e+01 6.438714210e-45
1.083956000e+01 6.327563411e-45
1.086455700e+01 6.218536849e-45
1.088961000e+01 6.111579537e-45
1.091472200e+01 6.006639211e-45
1.093989100e+01 5.903664709e-45
1.096511900e+01 5.802606858e-45
1.099040400e+01 5.703418571e-45
1.101574800e+01 5.606054779e-45
1.104115100e+01 5.510479942e-45
1.106661200e+01 5.416665898e-45
1.109213100e+01 5.324585583e-45
1.111771000e+01 5.234212268e-45
1.114334700e+01 5.145520137e-45
1.116904400e+01 5.058483547e-45
1.119480000e+01 4.973077875e-45
1.122061500e+01 4.889280329e-45
1.124649000e+01 4.807080558e-45
1.127242500e+01 4.726473263e-45
1.129841900e+01 4.647453080e-45
1.132447300e+01 4.570014315e-45
1.135058700e+01 4.494151365e-45
1.137676200e+01 4.419858318e-45
1.140299700e+01 4.347129764e-45
1.142929200e+01 4.275946524e-45
1.145564800e+01 4.206253521e-45
1.148206500e+01 4.137989946e-45
1.150854300e+01 4.071097677e-45
1.153508200e+01 4.005519292e-45
1.156168200e+01 3.941199702e-45
1.158834300e+01 3.878084579e-45
1.161506600e+01 3.816121961e-45
1.164185000e+01 3.755276761e-45
1.166869600e+01 3.695527930e-45
1.169560500e+01 3.636855127e-45
1.172257500e+01 3.579238340e-45
1.174960700e+01 3.522658480e-45
1.177670200e+01 3.467096165e-45
1.180385900e+01 3.412533154e-45
1.183107900e+01 3.358947778e-45
1.185836100e+01 3.306310720e-45
1.188570700e+01 3.254591253e-45
1.191311500e+01 3.203759914e-45
1.194058700e+01 3.153787568e-45
1.196812200e+01 3.104645742e-45
1.199572100e+01 3.056306503e-45
1.202338300e+01 3.008745415e-45
1.205110900e+01 2.961954578e-45
1.207889900e+01 2.915933148e-45
1.210675300e+01 2.870680094e-45
1.213467100e+01 2.826194523e-45
1.216265400e+01 2.782475252e-45
1.219070100e+01 2.739521345e-45
1.221881300e+01 2.697331477e-45
1.224698900e+01 2.655900751e-45
1.227523100e+01 2.615222584e-45
1.230353800e+01 2.575289878e-45
1.233191000e+01 2.536096363e-45
1.236034700e+01 2.497635359e-45
1.238885000e+01 2.459900698e-45
1.241741900e+01 2.422885418e-45
1.244605400e+01 2.386571837e-45
1.247475500e+01 2.350934670e-45
1.250352100e+01 2.315948924e-45
1.253235500e+01 2.281589992e-45
1.256125400e+01 2.247833833e-45
1.259022100e+01 2.214656683e-45
1.261925400e+01 2.182035608e-45
1.264835400e+01 2.149950991e-45
1.267752100e+01 2.118385864e-45
1.270675600e+01 2.087323351e-45
1.273605800e+01 2.056747124e-45
1.276542700e+01 2.026641122e-45
1.279486400e+01 1.996989369e-45
1.282436900e+01 1.967776685e-45
1.285394200e+01 1.938988576e-45
1.288358400e+01 1.910611569e-45
1.291329300e+01 1.882632049e-45
1.294307100e+01 1.855036960e-45
1.297291800e+01 1.827813793e-45
1.300283400e+01 1.800950064e-45
1.303281800e+01 1.774432134e-45
1.306287200e+01 1.748242257e-45
1.309299500e+01 1.722362550e-45
1.312318800e+01 1.696775427e-45
1.315345000e+01 1.671464252e-45
1.318378200e+01 1.646412750e-45
1.321418400e+01 1.621606052e-45
1.324465600e+01 1.597045205e-45
1.327519800e+01 1.572747525e-45
1.330581100e+01 1.548730626e-45
1.333649400e+01 1.525011608e-45
1.336724800e+01 1.501606753e-45
1.339807300e+01 1.478531695e-45
1.342896900e+01 1.455799217e-45
1.345993700e+01 1.433412084e-45
1.349097500e+01 1.411369877e-45
1.352208600e+01 1.389672247e-45
1.355326800e+01 1.368318471e-45
1.358452200e+01 1.347307825e-45
1.361584800e+01 1.326639300e-45
1.364724600e+01 1.306309004e-45
1.367871600e+01 1.286310491e-45
1.371026000e+01 1.266637067e-45
1.374187600e+01 1.247282366e-45
1.377356500e+01 1.228240130e-45
1.380532600e+01 1.209504206e-45
1.383716200e+01 1.191069102e-45
1.386907000e+01 1.172930367e-45
1.390105200e+01 1.155083882e-45
1.393310800e+01 1.137525436e-45
1.396523800e+01 1.120250941e-45
1.399744200e+01 1.103256486e-45
1.402972000e+01 1.086537745e-45
1.406207300e+01 1.070090057e-45
1.409450000e+01 1.053908309e-45
1.412700200e+01 1.037987668e-45
1.415957900e+01 1.022323375e-45
1.419223100e+01 1.006910622e-45
1.422495900e+01 9.917451822e-46
1.425776200e+01 9.768244551e-46
1.429064000e+01 9.621466598e-46
1.432359400e+01 9.477100680e-46
1.435662500e+01 9.335127569e-46
1.438973100e+01 9.195529816e-46
1.442291400e+01 9.058282051e-46
1.445617300e+01 8.923304096e-46
1.448951000e+01 8.790483766e-46
1.452292200e+01 8.659713411e-46
1.455641200e+01 8.530889799e-46
1.458998000e+01 8.403914001e-46
1.462362400e+01 8.278691860e-46
1.465734600e+01 8.155135576e-46
1.469114600e+01 8.033160691e-46
1.472502400e+01 7.912689953e-46
1.475898000e+01 7.793648074e-46
1.479301500e+01 7.675965588e-46
1.482712700e+01 7.559589130e-46
1.486131900e+01 7.444549087e-46
1.489558900e+01 7.330903897e-46
1.492993900e+01 7.218717987e-46
1.496436700e+01 7.108045486e-46
1.499887500e+01 6.998936390e-46
1.503346300e+01 6.891432999e-46
1.506813000e+01 6.785549856e-46
1.510287700e+01 6.681291848e-46
1.513770400e+01 6.578664816e-46
1.517261200e+01 6.477670428e-46
1.520760000e+01 6.378310368e-46
1.524266900e+01 6.280588335e-46
1.527781900e+01 6.184514936e-46
1.531305000e+01 6.090099029e-46
1.534836200e+01 5.997346307e-46
1.538375500e+01 5.906260878e-46
1.541923000e+01 5.816842912e-46
1.545478700e+01 5.729075858e-46
1.549042600e+01 5.642928035e-46
1.552614700e+01 5.558369235e-46
1.556195000e+01 5.475369278e-46
1.559783600e+01 5.393898487e-46
1.563380500e+01 5.313938741e-46
1.566985700e+01 5.235531117e-46
1.570599100e+01 5.158726012e-46
1.574221000e+01 5.083567022e-46
1.577851100e+01 5.010092538e-46
1.581489700e+01 4.938332395e-46
1.585136600e+01 4.868240675e-46
1.588791900e+01 4.799685262e-46
1.592455700e+01 4.732536583e-46
1.596127900e+01 4.666674014e-46
1.599808600e+01 4.601983865e-46
1.603497800e+01 4.538364280e-46
1.607195400e+01 4.475740935e-46
1.610901600e+01 4.414051830e-46
1.614616400e+01 4.353236464e-46
1.618339700e+01 4.293239944e-46
1.622071600e+01 4.234014883e-46
1.625812100e+01 4.175588591e-46
1.629561300e+01 4.118047126e-46
1.633319000e+01 4.061468753e-46
1.637085500e+01 4.005926594e-46
1.640860600e+01 3.951484012e-46
1.644644500e+01 3.898155851e-46
1.648437000e+01 3.845867713e-46
1.652238300e+01 3.794540759e-46
1.656048400e+01 3.744100000e-46
1.659867300e+01 3.694474945e-46
1.663694900e+01 3.645611694e-46
1.667531400e+01 3.597509583e-46
1.671376800e+01 3.550181754e-46
1.675231000e+01 3.503639358e-46
1.679094100e+01 3.457891243e-46
1.682966100e+01 3.412941074e-46
1.686847000e+01 3.368748589e-46
1.690736900e+01 3.325256920e-46
1.694635700e+01 3.282412336e-46
1.698543600e+01 3.240164162e-46
1.702460400e+01 3.198472565e-46
1.706386300e+01 3.157401330e-46
1.710321300e+01 3.117078173e-46
1.714265300e+01 3.077622523e-46
1.718218400e+01 3.039145097e-46
1.722180600e+01 3.001748214e-46
1.726152000e+01 2.965494777e-46
1.730132500e+01 2.930416043e-46
1.734122200e+01 2.896551769e-46
1.738121100e+01 2.863952059e-46
1.742129200e+01 2.832675143e-46
1.746146600e+01 2.802659024e-46
1.750173200e+01 2.773717374e-46
1.754209100e+01 2.745648337e-46
1.758254300e+01 2.718230485e-46
1.762308900e+01 2.691230735e-46
1.766372800e+01 2.664532896e-46
1.770446000e+01 2.638130240e-46
1.774528700e+01 2.612022600e-46
1.778620800e+01 2.586211714e-46
1.782722300e+01 2.560698288e-46
1.786833300e+01 2.535442219e-46
1.790953700e+01 2.510376596e-46
1.795083700e+01 2.485431706e-46
1.799223100e+01 2.460537646e-46
1.803372200e+01 2.435626862e-46
1.807530800e+01 2.410643459e-46
1.811698900e+01 2.385538941e-46
1.815876700e+01 2.360267774e-46
1.820064200e+01 2.334787362e-46
1.824261200e+01 2.309063809e-46
1.828468000e+01 2.283082016e-46
1.832684500e+01 2.256834983e-46
1.836910600e+01 2.230320321e-46
1.841146600e+01 2.203542222e-46
1.845392300e+01 2.176531924e-46
1.849647800e+01 2.149365057e-46
1.853913100e+01 2.122120854e-46
1.858188200e+01 2.094876443e-46
1.862473200e+01 2.067706242e-46
1.866768100e+01 2.040667105e-46
1.871072800e+01 2.013803656e-46
1.875387600e+01 1.987158513e-46
1.879712200e+01 1.960772036e-46
1.884046800e+01 1.934688490e-46
1.888391500e+01 1.908977447e-46
1.892746100e+01 1.883708487e-46
1.897110800e+01 1.858940274e-46
1.901485600e+01 1.834720367e-46
1.905870400e+01 1.811047907e-46
1.910265300e+01 1.787865291e-46
1.914670400e+01 1.765119236e-46
1.919085700e+01 1.742766715e-46
1.923511100e+01 1.720796939e-46
1.927946700e+01 1.699359663e-46
1.932392600e+01 1.678636626e-46
1.936848700e+01 1.658762139e-46
1.941315100e+01 1.639838268e-46
1.945791800e+01 1.621834342e-46
1.950278800e+01 1.604533450e-46
1.954776200e+01 1.587730287e-46
1.959283900e+01 1.571235425e-46
1.963802000e+01 1.554887794e-46
1.968330500e+01 1.538667329e-46
1.972869500e+01 1.522608664e-46
1.977419000e+01 1.506744712e-46
1.981978900e+01 1.491106946e-46
1.986549400e+01 1.475705269e-46
1.991130400e+01 1.460528325e-46
1.995721900e+01 1.445562562e-46
2.000324100e+01 1.430795636e-46
2.004936900e+01 1.416218288e-46
2.009560300e+01 1.401828531e-46
2.014194300e+01 1.387625336e-46
2.018839100e+01 1.373608612e-46
2.023494500e+01 1.359777549e-46
2.028160700e+01 1.346129012e-46
2.032837700e+01 1.332660139e-46
2.037525400e+01 1.319366958e-46
2.042224000e+01 1.306246697e-46
2.046933300e+01 1.293295939e-46
2.051653600e+01 1.280512449e-46
2.056384700e+01 1.267894016e-46
2.061126800e+01 1.255438007e-46
2.065879700e+01 1.243142045e-46
2.070643700e+01 1.231003786e-46
2.075418600e+01 1.219020469e-46
2.080204500e+01 1.207189814e-46
2.085001500e+01 1.195509346e-46
2.089809500e+01 1.183977279e-46
2.094628600e+01 1.172591410e-46
2.099458900e+01 1.161349782e-46
2.104300200e+01 1.150250888e-46
2.109152800e+01 1.139292593e-46
2.114016500e+01 1.128472792e-46
2.118891400e+01 1.117790038e-46
2.123777600e+01 1.107242269e-46
2.128675000e+01 1.096827655e-46
2.133583800e+01 1.086543973e-46
2.138503900e+01 1.076389650e-46
2.143435300e+01 1.066362718e-46
2.148378000e+01 1.056461233e-46
2.153332200e+01 1.046683479e-46
2.158297800e+01 1.037027965e-46
2.163274900e+01 1.027492404e-46
2.168263400e+01 1.018075753e-46
2.173263400e+01 1.008775770e-46
2.178275000e+01 9.995911418e-47
2.183298100e+01 9.905200545e-47
2.188332800e+01 9.815610317e-47
2.193379100e+01 9.727123776e-47
2.198437100e+01 9.639725939e-47
2.203506700e+01 9.553401604e-47
2.208588000e+01 9.468135556e-47
2.213681000e+01 9.383912563e-47
2.218785800e+01 9.300718155e-47
2.223902300e+01 9.218537647e-47
2.229030600e+01 9.137357099e-47
2.234170800e+01 9.057162924e-47
2.239322800e+01 8.977941504e-47
2.244486700e+01 8.899679376e-47
2.249662500e+01 8.822362294e-47
2.254850300e+01 8.745976185e-47
2.260050000e+01 8.670506955e-47
2.265261700e+01 8.595941795e-47
2.270485400e+01 8.522271182e-47
2.275721100e+01 8.449486419e-47
2.280968900e+01 8.377579259e-47
2.286228900e+01 8.306534962e-47
2.291500900e+01 8.236326814e-47
2.296785200e+01 8.166927943e-47
2.302081600e+01 8.098312228e-47
2.307390200e+01 8.030460734e-47
2.312711000e+01 7.963365673e-47
2.318044200e+01 7.897018439e-47
2.323389600e+01 7.831411396e-47
2.328747400e+01 7.766538391e-47
2.334117500e+01 7.702395072e-47
2.339500000e+01 7.638975705e-47
2.344894900e+01 7.576275818e-47
2.350302200e+01 7.514290785e-47
2.355722000e+01 7.453015662e-47
2.361154300e+01 7.392446047e-47
2.366599200e+01 7.332574824e-47
2.372056600e+01 7.273390847e-47
2.377526500e+01 7.214882934e-47
2.383009100e+01 7.157040714e-47
2.388504400e+01 7.099866070e-47
2.394012300e+01 7.043370041e-47
2.399532900e+01 6.987562947e-47
2.405066200e+01 6.932452570e-47
2.410612300e+01 6.878043048e-47
2.416171200e+01 6.824337421e-47
2.421742900e+01 6.771337491e-47
2.427327500e+01 6.719026144e-47
2.432924900e+01 6.667357589e-47
2.438535300e+01 6.616285074e-47
2.444158600e+01 6.565767554e-47
2.449794800e+01 6.515793147e-47
2.455444100e+01 6.466363791e-47
2.461106300e+01 6.417482162e-47
2.466781700e+01 6.369146714e-47
2.472470100e+01 6.321349692e-47
2.478171600e+01 6.274081681e-47
2.483886300e+01 6.227334169e-47
2.489614200e+01 6.181098582e-47
2.495355200e+01 6.135366132e-47
2.501109500e+01 6.090128755e-47
2.506877100e+01 6.045382523e-47
2.512658000e+01 6.001134540e-47
2.518452200e+01 5.957392239e-47
2.524259800e+01 5.914161540e-47
2.530080700e+01 5.871437520e-47
2.535915100e+01 5.829210113e-47
2.541763000e+01 5.787469224e-47
2.547624300e+01 5.746205634e-47
2.553499100e+01 5.705410687e-47
2.559387500e+01 5.665074925e-47
2.565289500e+01 5.625190502e-47
2.571205000e+01 5.585749063e-47
2.577134300e+01 5.546742349e-47
2.583077200e+01 5.508162792e-47
2.589033800e+01 5.470002167e-47
2.595004100e+01 5.432253230e-47
2.600988200e+01 5.394908376e-47
2.606986100e+01 5.357960233e-47
2.612997800e+01 5.321401658e-47
2.619023400e+01 5.285225443e-47
2.625062900e+01 5.249424747e-47
2.631116300e+01 5.213992231e-47
2.637183700e+01 5.178921500e-47
2.643265000e+01 5.144205656e-47
2.649360400e+01 5.109838161e-47
2.655469900e+01 5.075812265e-47
2.661593400e+01 5.042121862e-47
2.667731100e+01 5.008760628e-47
2.673882900e+01 4.975722305e-47
2.680048900e+01 4.943000989e-47
2.686229100e+01 4.910590696e-47
2.692423600e+01 4.878485787e-47
2.698632300e+01 4.846680544e-47
2.704855400e+01 4.815169725e-47
2.711092800e+01 4.783948006e-47
2.717344600e+01 4.753010533e-47
2.723610800e+01 4.722352638e-47
2.729891500e+01 4.691969291e-47
2.736186600e+01 4.661855651e-47
2.742496300e+01 4.632006927e-47
2.748820500e+01 4.602420412e-47
2.755159300e+01 4.573096128e-47
2.761512700e+01 4.544034084e-47
2.767880800e+01 4.515234280e-47
2.774263600e+01 4.486696300e-47
2.780661000e+01 4.458419724e-47
2.787073200e+01 4.430403995e-47
2.793500300e+01 4.402648550e-47
2.799942100e+01 4.375152426e-47
2.806398800e+01 4.347914663e-47
2.812870400e+01 4.320934434e-47
2.819356900e+01 4.294210651e-47
2.825858300e+01 4.267742096e-47
2.832374800e+01 4.241527432e-47
2.838906200e+01 4.215565323e-47
2.845452800e+01 4.189854315e-47
2.852014400e+01 4.164392834e-47
2.858591200e+01 4.139179056e-47
2.865183100e+01 4.114211302e-47
2.871790300e+01 4.089487519e-47
2.878412600e+01 4.065005927e-47
2.885050300e+01 4.040764506e-47
2.891703200e+01 4.016761124e-47
2.898371500e+01 3.992993414e-47
2.905055200e+01 3.969459409e-47
2.911754300e+01 3.946156530e-47
2.918468800e+01 3.923082720e-47
2.925198800e+01 3.900235317e-47
2.931944300e+01 3.877612057e-47
2.938705400e+01 3.855210445e-47
2.945482100e+01 3.833028013e-47
2.952274400e+01 3.811062309e-47
2.959082400e+01 3.789311032e-47
2.965906000e+01 3.767771653e-47
2.972745400e+01 3.746441544e-47
2.979600600e+01 3.725318344e-47
2.986471600e+01 3.704399594e-47
2.993358400e+01 3.683683098e-47
3.000261100e+01 3.663167044e-47
3.007179700e+01 3.642848909e-47
3.014114300e+01 3.622723666e-47
3.021064900e+01 3.602786099e-47
3.028031500e+01 3.583031881e-47
3.035014200e+01 3.563458521e-47
3.042012900e+01 3.544063906e-47
3.049027800e+01 3.524845821e-47
3.056058900e+01 3.505801719e-47
3.063106200e+01 3.486929427e-47
3.070169700e+01 3.468226675e-47
3.077249600e+01 3.449691566e-47
3.084345700e+01 3.431321749e-47
3.091458300e+01 3.413115245e-47
3.098587200e+01 3.395069509e-47
3.105732600e+01 3.377182485e-47
3.112894400e+01 3.359452946e-47
3.120072800e+01 3.341879903e-47
3.127267700e+01 3.324461685e-47
3.134479200e+01 3.307193182e-47
3.141707300e+01 3.290068647e-47
3.148952100e+01 3.273090740e-47
3.156213600e+01 3.256278526e-47
3.163491900e+01 3.239651894e-47
3.170786900e+01 3.223208161e-47
3.178098800e+01 3.206920770e-47
3.185427500e+01 3.190763432e-47
3.192773100e+01 3.174729951e-47
3.200135700e+01 3.158824869e-47
3.207515200e+01 3.143051672e-47
3.214911800e+01 3.127407654e-47
3.222325400e+01 3.111888684e-47
3.229756100e+01 3.096491561e-47
3.237203900e+01 3.081214443e-47
3.244668900e+01 3.066055837e-47
3.252151200e+01 3.051014149e-47
3.259650600e+01 3.036087251e-47
3.267167400e+01 3.021273688e-47
3.274701500e+01 3.006571034e-47
3.282253000e+01 2.991977319e-47
3.289821900e+01 2.977491682e-47
3.297408300e+01 2.963115443e-47
3.305012100e+01 2.948850237e-47
3.312633500e+01 2.934696485e-47
3.320272500e+01 2.920653955e-47
3.327929000e+01 2.906722523e-47
3.335603300e+01 2.892901309e-47
3.343295200e+01 2.879189764e-47
3.351004900e+01 2.865587018e-47
3.358732300e+01 2.852092423e-47
3.366477600e+01 2.838705546e-47
3.374240700e+01 2.825425428e-47
3.382021700e+01 2.812251536e-47
3.389820700e+01 2.799183028e-47
3.397637600e+01 2.786219170e-47
3.405472600e+01 2.773359234e-47
3.413325700e+01 2.760602602e-47
3.421196800e+01 2.747948241e-47
3.429086100e+01 2.735395438e-47
3.436993600e+01 2.722943487e-47
3.444919400e+01 2.710591372e-47
3.452863400e+01 2.698338399e-47
3.460825700e+01 2.686183565e-47
3.468806400e+01 2.674126186e-47
3.476805500e+01 2.662165275e-47
3.484823000e+01 2.650300054e-47
3.492859000e+01 2.638529445e-47
3.500913600e+01 2.626852686e-47
3.508986700e+01 2.615268814e-47
3.517078500e+01 2.603776977e-47
3.525188900e+01 2.592376226e-47
3.533318000e+01 2.581065722e-47
3.541465900e+01 2.569844427e-47
3.549632500e+01 2.558711414e-47
3.557818000e+01 2.547665964e-47
3.566022400e+01 2.536707061e-47
3.574245600e+01 2.525833796e-47
3.582487900e+01 2.515045068e-47
3.590749100e+01 2.504340082e-47
3.599029400e+01 2.493718551e-47
3.607328800e+01 2.483179987e-47
3.615647300e+01 2.472722515e-47
3.623985000e+01 2.462344075e-47
3.632342000e+01 2.452043317e-47
3.640718200e+01 2.441819494e-47
3.649113700e+01 2.431672161e-47
3.657528600e+01 2.421600676e-47
3.665962900e+01 2.411604602e-47
3.674416600e+01 2.401682619e-47
3.682889800e+01 2.391833320e-47
3.691382600e+01 2.382056579e-47
3.699895000e+01 2.372355191e-47
3.708427000e+01 2.362730178e-47
3.716978600e+01 2.353178770e-47
3.725550000e+01 2.343697344e-47
3.734141200e+01 2.334284436e-47
3.742752100e+01 2.324940036e-47
3.751382900e+01 2.315663460e-47
3.760033600e+01 2.306454221e-47
3.768704300e+01 2.297311357e-47
3.777395000e+01 2.288234486e-47
3.786105700e+01 2.279222846e-47
3.794836500e+01 2.270275870e-47
3.803587400e+01 2.261392902e-47
3.812358500e+01 2.252573479e-47
3.821149800e+01 2.243816856e-47
3.829961400e+01 2.235122482e-47
3.838793300e+01 2.226489813e-47
3.847645600e+01 2.217918115e-47
3.856518300e+01 2.209407039e-47
3.865411500e+01 2.200955767e-47
3.874325100e+01 2.192563862e-47
3.883259400e+01 2.184230795e-47
3.892214200e+01 2.175955950e-47
3.901189700e+01 2.167738805e-47
3.910185800e+01 2.159578935e-47
3.919202800e+01 2.151475734e-47
3.928240500e+01 2.143428598e-47
3.937299000e+01 2.135437205e-47
3.946378500e+01 2.127500957e-47
3.955478800e+01 2.119619446e-47
3.964600200e+01 2.111791990e-47
3.973742600e+01 2.104018186e-47
3.982906100e+01 2.096297634e-47
3.992090700e+01 2.088629753e-47
4.001296500e+01 2.081014058e-47
4.010523500e+01 2.073450159e-47
4.019771800e+01 2.065937574e-47
4.029041400e+01 2.058475737e-47
4.038332400e+01 2.051064264e-47
4.047644900e+01 2.043702776e-47
4.056978800e+01 2.036390804e-47
4.066334200e+01 2.029127791e-47
4.075711200e+01 2.021913457e-47
4.085109800e+01 2.014747251e-47
4.094530100e+01 2.007628805e-47
4.103972100e+01 2.000557665e-47
4.113435900e+01 1.993533469e-47
4.122921500e+01 1.986555767e-47
4.132429000e+01 1.979624112e-47
4.141958400e+01 1.972738150e-47
4.151509800e+01 1.965897439e-47
4.161083200e+01 1.959101628e-47
4.170678700e+01 1.952350545e-47
4.180296300e+01 1.945644373e-47
4.189936100e+01 1.938982940e-47
4.199598200e+01 1.932365284e-47
4.209282500e+01 1.925790184e-47
4.218989100e+01 1.919257395e-47
4.228718100e+01 1.912766669e-47
4.238469600e+01 1.906317675e-47
4.248243500e+01 1.899909995e-47
4.258040000e+01 1.893543215e-47
4.267859100e+01 1.887217008e-47
4.277700800e+01 1.880931052e-47
4.287565200e+01 1.874684937e-47
4.297452400e+01 1.868478431e-47
4.307362300e+01 1.862311043e-47
4.317295100e+01 1.856182458e-47
4.327250800e+01 1.850092533e-47
4.337229500e+01 1.844040786e-47
4.347231200e+01 1.838026990e-47
4.357255900e+01 1.832050839e-47
4.367303800e+01 1.826112024e-47
4.377374800e+01 1.820210240e-47
4.387469100e+01 1.814345100e-47
4.397586600e+01 1.808516471e-47
4.407727500e+01 1.802723883e-47
4.417891800e+01 1.796967123e-47
4.428079500e+01 1.791245894e-47
4.438290600e+01 1.785559902e-47
4.448525400e+01 1.779908852e-47
4.458783700e+01 1.774292454e-47
4.469065700e+01 1.768710332e-47
4.479371400e+01 1.763162367e-47
4.489700900e+01 1.757648272e-47
4.500054100e+01 1.752167677e-47
4.510431300e+01 1.746720297e-47
4.520832400e+01 1.741305852e-47
4.531257500e+01 1.735924227e-47
4.541706600e+01 1.730574976e-47
4.552179800e+01 1.725257904e-47
4.562677200e+01 1.719972735e-47
4.573198700e+01 1.714719277e-47
4.583744600e+01 1.709497174e-47
4.594314700e+01 1.704306235e-47
4.604909200e+01 1.699146108e-47
4.615528200e+01 1.694016689e-47
4.626171600e+01 1.688917627e-47
4.636839600e+01 1.683848738e-47
4.647532200e+01 1.678809674e-47
4.658249400e+01 1.673800254e-47
4.668991400e+01 1.668820296e-47
4.679758100e+01 1.663869459e-47
4.690549700e+01 1.658947563e-47
4.701366100e+01 1.654054350e-47
4.712207500e+01 1.649189644e-47
4.723073900e+01 1.644353188e-47
4.733965400e+01 1.639544647e-47
4.744881900e+01 1.634763929e-47
4.755823600e+01 1.630010782e-47
4.766790600e+01 1.625284954e-47
4.777782900e+01 1.620586195e-47
4.788800500e+01 1.615914337e-47
4.799843500e+01 1.611269133e-47
4.810912000e+01 1.606650416e-47
4.822006000e+01 1.602057941e-47
4.833125500e+01 1.597491544e-47
4.844270800e+01 1.592950981e-47
4.855441700e+01 1.588436011e-47
4.866638400e+01 1.583946471e-47
4.877860900e+01 1.579482203e-47
4.889109300e+01 1.575042967e-47
4.900383600e+01 1.570628526e-47
4.911683900e+01 1.566238722e-47
4.923010300e+01 1.561873398e-47
4.934362800e+01 1.557532320e-47
4.945741500e+01 1.553215334e-47
4.957146400e+01 1.548922285e-47
4.968577600e+01 1.544652863e-47
4.980035200e+01 1.540406917e-47
4.991519200e+01 1.536184373e-47
5.003029700e+01 1.531984924e-47
5.014566700e+01 1.527808500e-47
5.026130300e+01 1.523654795e-47
5.037720600e+01 1.519523740e-47
5.049337600e+01 1.515415188e-47
5.060981400e+01 1.511328836e-47
5.072652100e+01 1.507264618e-47
5.084349700e+01 1.503222388e-47
5.096074200e+01 1.499201849e-47
5.107825800e+01 1.495202933e-47
5.119604500e+01 1.491225422e-47
5.131410300e+01 1.487269175e-47
5.143243400e+01 1.483334127e-47
5.155103800e+01 1.479419908e-47
5.166991500e+01 1.475526533e-47
5.178906600e+01 1.471653862e-47
5.190849200e+01 1.467801605e-47
5.202819300e+01 1.463969625e-47
5.214817100e+01 1.460157938e-47
5.226842500e+01 1.456366179e-47
5.238895600e+01 1.452594290e-47
5.250976600e+01 1.448842136e-47
5.263085400e+01 1.445109585e-47
5.275222100e+01 1.441396427e-47
5.287386800e+01 1.437702605e-47
5.299579500e+01 1.434027912e-47
5.311800400e+01 1.430372142e-47
5.324049500e+01 1.426735316e-47
5.336326800e+01 1.423117152e-47
5.348632400e+01 1.419517597e-47
5.360966300e+01 1.415936448e-47
5.373328800e+01 1.412373652e-47
5.385719700e+01 1.408829006e-47
5.398139200e+01 1.405302385e-47
5.410587400e+01 1.401793661e-47
5.423064200e+01 1.398302785e-47
5.435569900e+01 1.394829482e-47
5.448104300e+01 1.391373702e-47
5.460667700e+01 1.387935323e-47
5.473260000e+01 1.384514221e-47
5.485881400e+01 1.381110272e-47
5.498531900e+01 1.377723282e-47
5.511211600e+01 1.374353203e-47
5.523920500e+01 1.370999914e-47
5.536658700e+01 1.367663220e-47
5.549426200e+01 1.364343077e-47
5.562223300e+01 1.361039364e-47
5.575049800e+01 1.357751890e-47
5.587905900e+01 1.354480609e-47
5.600791600e+01 1.351225404e-47
5.613707100e+01 1.347986085e-47
5.626652400e+01 1.344762608e-47
5.639627500e+01 1.341554857e-47
5.652632500e+01 1.338362716e-47
5.665667500e+01 1.335186070e-47
5.678732600e+01 1.332024732e-47
5.691827800e+01 1.328878732e-47
5.704953200e+01 1.325747886e-47
5.718108800e+01 1.322632079e-47
5.731294800e+01 1.319531271e-47
5.744511300e+01 1.316445204e-47
5.757758100e+01 1.313373985e-47
5.771035600e+01 1.310317357e-47
5.784343600e+01 1.307275210e-47
5.797682400e+01 1.304247576e-47
5.811051900e+01 1.301234202e-47
5.824452200e+01 1.298235123e-47
5.837883400e+01 1.295250156e-47
5.851345600e+01 1.292279194e-47
5.864838900e+01 1.289322200e-47
5.878363200e+01 1.286379066e-47
5.891918800e+01 1.283449612e-47
5.905505600e+01 1.280533876e-47
5.919123700e+01 1.277631606e-47
5.932773300e+01 1.274742911e-47
5.946454300e+01 1.271867472e-47
5.960166900e+01 1.269005396e-47
5.973911100e+01 1.266156507e-47
5.987687000e+01 1.263320701e-47
6.001494600e+01 1.260497873e-47
6.015334100e+01 1.257687990e-47
6.029205500e+01 1.254890949e-47
6.043108900e+01 1.252106647e-47
6.057044300e+01 1.249334980e-47
6.071011900e+01 1.246575917e-47
6.085011700e+01 1.243829285e-47
6.099043800e+01 1.241095123e-47
6.113108300e+01 1.238373261e-47
6.127205100e+01 1.235663596e-47
6.141334500e+01 1.232966169e-47
6.155496500e+01 1.230280739e-47
6.169691100e+01 1.227607346e-47
6.183918500e+01 1.224945891e-47
6.198178600e+01 1.222296274e-47
6.212471700e+01 1.219658396e-47
6.226797700e+01 1.217032159e-47
6.241156700e+01 1.214417534e-47
6.255548900e+01 1.211814493e-47
6.269974200e+01 1.209222869e-47
6.284432800e+01 1.206642634e-47
6.298924800e+01 1.204073622e-47
6.313450100e+01 1.201515943e-47
6.328009000e+01 1.198969364e-47
6.342601400e+01 1.196433856e-47
6.357227500e+01 1.193909394e-47
6.371887400e+01 1.191395883e-47
6.386581000e+01 1.188893157e-47
6.401308500e+01 1.186401329e-47
6.416069900e+01 1.183920167e-47
6.430865500e+01 1.181449645e-47
6.445695100e+01 1.178989738e-47
6.460558900e+01 1.176540353e-47
6.475457000e+01 1.174101464e-47
6.490389400e+01 1.171672910e-47
6.505356300e+01 1.169254666e-47
6.520357700e+01 1.166846709e-47
6.535393700e+01 1.164448946e-47
6.550464400e+01 1.162061285e-47
6.565569800e+01 1.159683702e-47
6.580710100e+01 1.157316106e-47
6.595885200e+01 1.154958475e-47
6.611095400e+01 1.152610716e-47
6.626340600e+01 1.150272739e-47
6.641621000e+01 1.147944523e-47
6.656936700e+01 1.145625975e-47
6.672287600e+01 1.143317075e-47
6.687674000e+01 1.141017801e-47
6.703095800e+01 1.138727927e-47
6.718553200e+01 1.136447567e-47
6.734046200e+01 1.134176633e-47
6.749575000e+01 1.131914968e-47
6.765139500e+01 1.129662618e-47
6.780740000e+01 1.127419495e-47
6.796376400e+01 1.125185512e-47
6.812048900e+01 1.122960647e-47
6.827757600e+01 1.120744814e-47
6.843502400e+01 1.118537992e-47
6.859283600e+01 1.116340160e-47
6.875101200e+01 1.114151165e-47
6.890955200e+01 1.111970989e-47
6.906845800e+01 1.109799676e-47
6.922773000e+01 1.107637009e-47
6.938737000e+01 1.105483034e-47
6.954737800e+01 1.103337732e-47
6.970775500e+01 1.101200952e-47
6.986850100e+01 1.099072741e-47
7.002961900e+01 1.096952947e-47
7.019110700e+01 1.094841619e-47
7.035296900e+01 1.092738671e-47
7.051520300e+01 1.090644020e-47
7.067781200e+01 1.088557713e-47
7.084079500e+01 1.086479534e-47
7.100415500e+01 1.084409598e-47
7.116789100e+01 1.082347754e-47
7.133200400e+01 1.080293986e-47
7.149649700e+01 1.078248276e-47
7.166136800e+01 1.076210606e-47
7.182662000e+01 1.074180829e-47
7.199225200e+01 1.072158927e-47
7.215826700e+01 1.070144883e-47
7.232466500e+01 1.068138681e-47
7.249144600e+01 1.066140239e-47
7.265861200e+01 1.064149475e-47
7.282616300e+01 1.062166437e-47
7.299410100e+01 1.060191044e-47
7.316242600e+01 1.058223151e-47
7.333113900e+01 1.056262870e-47
7.350024100e+01 1.054310122e-47
7.366973300e+01 1.052364759e-47
7.383961600e+01 1.050426833e-47
7.400989100e+01 1.048496327e-47
7.418055800e+01 1.046573096e-47
7.435161900e+01 1.044657190e-47
7.452307400e+01 1.042748593e-47
7.469492500e+01 1.040847161e-47
7.486717200e+01 1.038952880e-47
7.503981700e+01 1.037065799e-47
7.521285900e+01 1.035185774e-47
7.538630000e+01 1.033312790e-47
7.556014200e+01 1.031446834e-47
7.573438400e+01 1.029587890e-47
7.590902800e+01 1.027735881e-47
7.608407500e+01 1.025890728e-47
7.625952500e+01 1.024052481e-47
7.643538000e+01 1.022221125e-47
7.661164100e+01 1.020396456e-47
7.678830800e+01 1.018578651e-47
7.696538200e+01 1.016767504e-47
7.714286500e+01 1.014963066e-47
7.732075700e+01 1.013165261e-47
7.749906000e+01 1.011374073e-47
7.767777300e+01 1.009589491e-47
7.785689800e+01 1.007811437e-47
7.803643700e+01 1.006039898e-47
7.821639000e+01 1.004274861e-47
7.839675700e+01 1.002516249e-47
7.857754100e+01 1.000764051e-47
7.875874100e+01 9.990182526e-48
7.894035900e+01 9.972787784e-48
7.912239700e+01 9.955456159e-48
7.930485300e+01 9.938187526e-48
7.948773100e+01 9.920981128e-48
7.967103000e+01 9.903836844e-48
7.985475200e+01 9.886754551e-48
8.003889800e+01 9.869733498e-48
8.022346800e+01 9.852774194e-48
8.040846400e+01 9.835875888e-48
8.059388700e+01 9.819037836e-48
8.077973700e+01 9.802259919e-48
8.096601600e+01 9.785542020e-48
8.115272400e+01 9.768884647e-48
8.133986300e+01 9.752285808e-48
8.152743300e+01 9.735746639e-48
8.171543600e+01 9.719265775e-48
8.190387200e+01 9.702843728e-48
8.209274300e+01 9.686479761e-48
8.228205000e+01 9.670173762e-48
8.247179300e+01 9.653925620e-48
8.266197300e+01 9.637735223e-48
8.285259200e+01 9.621601219e-48
8.304365100e+01 9.605524741e-48
8.323515000e+01 9.589504440e-48
8.342709100e+01 9.573540207e-48
8.361947500e+01 9.557632556e-48
8.381230200e+01 9.541780142e-48
8.400557400e+01 9.525983478e-48
8.419929100e+01 9.510242458e-48
8.439345600e+01 9.494555744e-48
8.458806700e+01 9.478924465e-48
8.478312800e+01 9.463347286e-48
8.497863900e+01 9.447824105e-48
8.517460000e+01 9.432354820e-48
8.537101300e+01 9.416939943e-48
8.556788000e+01 9.401577534e-48
8.576520000e+01 9.386269332e-48
8.596297500e+01 9.371013399e-48
8.616120600e+01 9.355810249e-48
8.635989500e+01 9.340659784e-48
8.655904100e+01 9.325561295e-48
8.675864700e+01 9.310515296e-48
8.695871300e+01 9.295521079e-48
8.715924100e+01 9.280577940e-48
8.736023100e+01 9.265686394e-48
8.756168400e+01 9.250845735e-48
8.776360200e+01 9.236055872e-48
8.796598500e+01 9.221316710e-48
8.816883600e+01 9.206628156e-48
8.837215400e+01 9.191989511e-48
8.857594000e+01 9.177401289e-48
8.878019700e+01 9.162862188e-48
8.898492500e+01 9.148372724e-48
8.919012500e+01 9.133932804e-48
8.939579800e+01 9.119541736e-48
8.960194500e+01 9.105200034e-48
8.980856800e+01 9.090906403e-48
9.001566700e+01 9.076661960e-48
9.022324400e+01 9.062464810e-48
9.043130000e+01 9.048316674e-48
9.063983500e+01 9.034215658e-48
9.084885100e+01 9.020162280e-48
9.105834900e+01 9.006157053e-48
9.126833100e+01 8.992198092e-48
9.147879600e+01 8.978287112e-48
9.168974700e+01 8.964422230e-48
9.190118400e+01 8.950604562e-48
9.211310900e+01 8.936832827e-48
9.232552200e+01 8.923108138e-48
9.253842600e+01 8.909428620e-48
9.275182000e+01 8.895795387e-48
9.296570700e+01 8.882207760e-48
9.318008600e+01 8.868666255e-48
9.339496000e+01 8.855169003e-48
9.361033000e+01 8.841717712e-48
9.382619600e+01 8.828311112e-48
9.404256000e+01 8.814949124e-48
9.425942300e+01 8.801632263e-48
9.447678600e+01 8.788359265e-48
9.469465000e+01 8.775130644e-48
9.491301600e+01 8.761946323e-48
9.513188600e+01 8.748806226e-48
9.535126100e+01 8.735709092e-48
9.557114200e+01 8.722656027e-48
9.579153000e+01 8.709646367e-48
9.601242600e+01 8.696679444e-48
9.623383100e+01 8.683755774e-48
9.645574700e+01 8.670875283e-48
9.667817500e+01 8.658037308e-48
9.690111500e+01 8.645242362e-48
9.712457000e+01 8.632489197e-48
9.734854000e+01 8.619778328e-48
9.757302700e+01 8.607109682e-48
9.779803100e+01 8.594483187e-48
9.802355400e+01 8.581898184e-48
9.824959700e+01 8.569355189e-48
9.847616100e+01 8.556852959e-48
9.870324800e+01 8.544392594e-48
9.893085800e+01 8.531973438e-48
9.915899400e+01 8.519594838e-48
9.938765500e+01 8.507257308e-48
9.961684400e+01 8.494960196e-48
9.984656100e+01 8.482704015e-48
1.000768100e+02 8.470488114e-48
1.003075900e+02 8.458313007e-48
1.005389000e+02 8.446177463e-48
1.007707400e+02 8.434081995e-48
1.010031200e+02 8.422026536e-48
1.012360300e+02 8.410010440e-48
1.014694800e+02 8.398034219e-48
1.017034700e+02 8.386097228e-48
1.019380000e+02 8.374199401e-48
1.021730700e+02 8.362340673e-48
1.024086800e+02 8.350521557e-48
1.026448400e+02 8.338740830e-48
1.028815400e+02 8.326999008e-48
1.031187800e+02 8.315296024e-48
1.033565800e+02 8.303631239e-48
1.035949200e+02 8.292004589e-48
1.038338100e+02 8.280416587e-48
1.040732500e+02 8.268866018e-48
1.043132400e+02 8.257353970e-48
1.045537900e+02 8.245879806e-48
1.047948900e+02 8.234443463e-48
1.050365500e+02 8.223044306e-48
1.052787600e+02 8.211682846e-48
1.055215400e+02 8.200358450e-48
1.057648700e+02 8.189071628e-48
1.060087700e+02 8.177821749e-48
1.062532200e+02 8.166608750e-48
1.064982400e+02 8.155433145e-48
1.067438300e+02 8.144293729e-48
1.069899800e+02 8.133191016e-48
1.072367000e+02 8.122124944e-48
1.074839900e+02 8.111095456e-48
1.077318500e+02 8.100101922e-48
1.079802800e+02 8.089144854e-48
1.082292800e+02 8.078223624e-48
1.084788600e+02 8.067338174e-48
1.087290100e+02 8.056489014e-48
1.089797400e+02 8.045674953e-48
1.092310500e+02 8.034897067e-48
1.094829400e+02 8.024154731e-48
1.097354100e+02 8.013447323e-48
1.099884600e+02 8.002775353e-48
1.102420900e+02 7.992138765e-48
1.104963100e+02 7.981537501e-48
1.107511200e+02 7.970970941e-48
1.110065100e+02 7.960439031e-48
1.112624900e+02 7.949942278e-48
1.115190600e+02 7.939480064e-48
1.117762300e+02 7.929052334e-48
1.120339800e+02 7.918659034e-48
1.122923400e+02 7.908300109e-48
1.125512800e+02 7.897975505e-48
1.128108300e+02 7.887685169e-48
1.130709700e+02 7.877429046e-48
1.133317100e+02 7.867206522e-48
1.135930600e+02 7.857018105e-48
1.138550000e+02 7.846863181e-48
1.141175500e+02 7.836742258e-48
1.143807100e+02 7.826655283e-48
1.146444700e+02 7.816601085e-48
1.149088400e+02 7.806580730e-48
1.151738200e+02 7.796594166e-48
1.154394200e+02 7.786640223e-48
1.157056200e+02 7.776719410e-48
1.159724400e+02 7.766831676e-48
1.162398700e+02 7.756976968e-48
1.165079200e+02 7.747155237e-48
1.167765900e+02 7.737366431e-48
1.170458800e+02 7.727610500e-48
1.173157900e+02 7.717886838e-48
1.175863200e+02 7.708195950e-48
1.178574700e+02 7.698537232e-48
1.181292500e+02 7.688911188e-48
1.184016600e+02 7.679317215e-48
1.186746900e+02 7.669755264e-48
1.189483600e+02 7.660225840e-48
1.192226500e+02 7.650728340e-48
1.194975800e+02 7.641262716e-48
1.197731400e+02 7.631828918e-48
1.200493400e+02 7.622427453e-48
1.203261800e+02 7.613057165e-48
1.206036500e+02 7.603718562e-48
1.208817600e+02 7.594411594e-48
1.211605200e+02 7.585136213e-48
1.214399100e+02 7.575892374e-48
1.217199600e+02 7.566680027e-48
1.220006400e+02 7.557498577e-48
1.222819800e+02 7.548348527e-48
1.225639600e+02 7.539229279e-48
1.228465900e+02 7.530141887e-48
1.231298800e+02 7.521084658e-48
1.234138200e+02 7.512058642e-48
1.236984100e+02 7.503063793e-48
1.239836600e+02 7.494098971e-48
1.242695700e+02 7.485165773e-48
1.245561300e+02 7.476262510e-48
1.248433600e+02 7.467390232e-48
1.251312500e+02 7.458547802e-48
1.254198100e+02 7.449736266e-48
1.257090200e+02 7.440955580e-48
1.259989100e+02 7.432204607e-48
1.262894600e+02 7.423483849e-48
1.265806900e+02 7.414793263e-48
1.268725900e+02 7.406133348e-48
1.271651500e+02 7.397502971e-48
1.274584000e+02 7.388902634e-48
1.277523200e+02 7.380332292e-48
1.280469200e+02 7.371791360e-48
1.283421900e+02 7.363280880e-48
1.286381500e+02 7.354799722e-48
1.289347900e+02 7.346348388e-48
1.292321200e+02 7.337926834e-48
1.295301300e+02 7.329534475e-48
1.298288200e+02 7.321171811e-48
1.301282100e+02 7.312838800e-48
1.304282900e+02 7.304534858e-48
1.307290600e+02 7.296259943e-48
1.310305200e+02 7.288015095e-48
1.313326800e+02 7.279798651e-48
1.316355300e+02 7.271611650e-48
1.319390800e+02 7.263454050e-48
1.322433300e+02 7.255325271e-48
1.325482900e+02 7.247225271e-48
1.328539500e+02 7.239154548e-48
1.331603100e+02 7.231112524e-48
1.334673800e+02 7.223099157e-48
1.337751500e+02 7.215114945e-48
1.340836400e+02 7.207159309e-48
1.343928400e+02 7.199232210e-48
1.347027500e+02 7.191334145e-48
1.350133700e+02 7.183464535e-48
1.353247200e+02 7.175622807e-48
1.356367800e+02 7.167809993e-48
1.359495600e+02 7.160026052e-48
1.362630600e+02 7.152269873e-48
1.365772800e+02 7.144542489e-48
1.368922300e+02 7.136842791e-48
1.372079000e+02 7.129171809e-48
1.375243100e+02 7.121528968e-48
1.378414400e+02 7.113914232e-48
1.381593000e+02 7.106327560e-48
1.384779000e+02 7.098768916e-48
1.387972300e+02 7.091238259e-48
1.391173000e+02 7.083735553e-48
1.394381000e+02 7.076260759e-48
1.397596500e+02 7.068813840e-48
1.400819300e+02 7.061394757e-48
1.404049600e+02 7.054003473e-48
1.407287400e+02 7.046639950e-48
1.410532600e+02 7.039304151e-48
1.413785300e+02 7.031996038e-48
1.417045500e+02 7.024715575e-48
1.420313200e+02 7.017462724e-48
1.423588500e+02 7.010237448e-48
1.426871300e+02 7.003039710e-48
1.430161700e+02 6.995869475e-48
1.433459600e+02 6.988726176e-48
1.436765200e+02 6.981610834e-48
1.440078400e+02 6.974522885e-48
1.443399200e+02 6.967461764e-48
1.446727700e+02 6.960428491e-48
1.450063900e+02 6.953421975e-48
1.453407700e+02 6.946443235e-48
1.456759300e+02 6.939491180e-48
1.460118600e+02 6.932566303e-48
1.463485600e+02 6.925669094e-48
1.466860400e+02 6.918798464e-48
1.470243000e+02 6.911954906e-48
1.473633400e+02 6.905138384e-48
1.477031600e+02 6.898348863e-48
1.480437700e+02 6.891586309e-48
1.483851600e+02 6.884850685e-48
1.487273400e+02 6.878141959e-48
1.490703000e+02 6.871460094e-48
1.494140600e+02 6.864805058e-48
1.497586100e+02 6.858176815e-48
1.501039500e+02 6.851575332e-48
1.504500900e+02 6.845000574e-48
1.507970300e+02 6.838452507e-48
1.511447700e+02 6.831931098e-48
1.514933100e+02 6.825436313e-48
1.518426600e+02 6.818968118e-48
1.521928100e+02 6.812527003e-48
1.525437700e+02 6.806111889e-48
1.528955300e+02 6.799723265e-48
1.532481100e+02 6.793361620e-48
1.536015000e+02 6.787026399e-48
1.539557100e+02 6.780717569e-48
1.543107300e+02 6.774435098e-48
1.546665700e+02 6.768178952e-48
1.550232400e+02 6.761949100e-48
1.553807200e+02 6.755746029e-48
1.557390300e+02 6.749569187e-48
1.560981700e+02 6.743418541e-48
1.564581300e+02 6.737294578e-48
1.568189200e+02 6.731196228e-48
1.571805500e+02 6.725124498e-48
1.575430100e+02 6.719079355e-48
1.579063000e+02 6.713060249e-48
1.582704400e+02 6.707067148e-48
1.586354100e+02 6.701100021e-48
1.590012200e+02 6.695159355e-48
1.593678800e+02 6.689245118e-48
1.597353900e+02 6.683356244e-48
1.601037400e+02 6.677494254e-48
1.604729400e+02 6.671658082e-48
1.608429900e+02 6.665847698e-48
1.612138900e+02 6.660063588e-48
1.615856500e+02 6.654305721e-48
1.619582700e+02 6.648573550e-48
1.623317500e+02 6.642867561e-48
1.627060900e+02 6.637187723e-48
1.630812900e+02 6.631533491e-48
1.634573600e+02 6.625905350e-48
1.638342900e+02 6.620303270e-48
1.642120900e+02 6.614727221e-48
1.645907700e+02 6.609176658e-48
1.649703100e+02 6.603652581e-48
1.653507400e+02 6.598153931e-48
1.657320400e+02 6.592681194e-48
1.661142200e+02 6.587234853e-48
1.664972800e+02 6.581813853e-48
1.668812200e+02 6.576418676e-48
1.672660500e+02 6.571049295e-48
1.676517700e+02 6.565706194e-48
1.680383700e+02 6.560388829e-48
1.684258700e+02 6.555096661e-48
1.688142600e+02 6.549831198e-48
1.692035500e+02 6.544590874e-48
1.695937300e+02 6.539376686e-48
1.699848200e+02 6.534188092e-48
1.703768100e+02 6.529025065e-48
1.707697000e+02 6.523888089e-48
1.711634900e+02 6.518776623e-48
1.715582000e+02 6.513691151e-48
1.719538100e+02 6.508631135e-48
1.723503400e+02 6.503597056e-48
1.727477800e+02 6.498588888e-48
1.731461400e+02 6.493606093e-48
1.735454100e+02 6.488649154e-48
1.739456100e+02 6.483718042e-48
1.743467300e+02 6.478812222e-48
1.747487700e+02 6.473932685e-48
1.751517500e+02 6.469078386e-48
1.755556500e+02 6.464249807e-48
1.759604800e+02 6.459447429e-48
1.763662500e+02 6.454670209e-48
1.767729500e+02 6.449918630e-48
1.771805900e+02 6.445193171e-48
1.775891700e+02 6.440493300e-48
1.779986900e+02 6.435818990e-48
1.784091600e+02 6.431170215e-48
1.788205700e+02 6.426547456e-48
1.792329300e+02 6.421950180e-48
1.796462400e+02 6.417378868e-48
1.800605100e+02 6.412832988e-48
1.804757300e+02 6.408312515e-48
1.808919100e+02 6.403818435e-48
1.813090500e+02 6.399349710e-48
1.817271500e+02 6.394906316e-48
1.821462100e+02 6.390489239e-48
1.825662400e+02 6.386097442e-48
1.829872400e+02 6.381731406e-48
1.834092100e+02 6.377391107e-48
1.838321500e+02 6.373077025e-48
1.842560700e+02 6.368788124e-48
1.846809700e+02 6.364524886e-48
1.851068400e+02 6.360287790e-48
1.855337000e+02 6.356076308e-48
1.859615400e+02 6.351890415e-48
1.863903700e+02 6.347730593e-48
1.868201900e+02 6.343596311e-48
1.872510000e+02 6.339487548e-48
1.876828000e+02 6.335404783e-48
1.881156000e+02 6.331347991e-48
1.885493900e+02 6.327316647e-48
1.889841900e+02 6.323311230e-48
1.894199900e+02 6.319331716e-48
1.898567900e+02 6.315378083e-48
1.902946000e+02 6.311450308e-48
1.907334300e+02 6.307548366e-48
1.911732600e+02 6.303672236e-48
1.916141100e+02 6.299821895e-48
1.920559700e+02 6.295997320e-48
1.924988500e+02 6.292198991e-48
1.929427600e+02 6.288426383e-48
1.933876800e+02 6.284679474e-48
1.938336400e+02 6.280958743e-48
1.942806200e+02 6.277263668e-48
1.947286300e+02 6.273595227e-48
1.951776800e+02 6.269951898e-48
1.956277600e+02 6.266335160e-48
1.960788800e+02 6.262744490e-48
1.965310400e+02 6.259179368e-48
1.969842400e+02 6.255640772e-48
1.974384900e+02 6.252127681e-48
1.978937800e+02 6.248641074e-48
1.983501200e+02 6.245180429e-48
1.988075200e+02 6.241745727e-48
1.992659700e+02 6.238337446e-48
1.997254800e+02 6.234955065e-48
2.001860500e+02 6.231599064e-48
2.006476800e+02 6.228269422e-48
2.011103800e+02 6.224965619e-48
2.015741400e+02 6.221688135e-48
2.020389700e+02 6.218436950e-48
2.025048700e+02 6.215211545e-48
2.029718500e+02 6.212012897e-48
2.034399100e+02 6.208840488e-48
2.039090400e+02 6.205694299e-48
2.043792600e+02 6.202574809e-48
2.048505600e+02 6.199481499e-48
2.053229400e+02 6.196414352e-48
2.057964200e+02 6.193373845e-48
2.062709900e+02 6.190359960e-48
2.067466500e+02 6.187372181e-48
2.072234100e+02 6.184410986e-48
2.077012700e+02 6.181476356e-48
2.081802300e+02 6.178568274e-48
2.086602900e+02 6.175686722e-48
2.091414700e+02 6.172831680e-48
2.096237500e+02 6.170003131e-48
2.101071400e+02 6.167201555e-48
2.105916500e+02 6.164426436e-48
2.110772800e+02 6.161678254e-48
2.115640200e+02 6.158956494e-48
2.120518900e+02 6.156261636e-48
2.125408800e+02 6.153593662e-48
2.130310000e+02 6.150952556e-48
2.135222600e+02 6.148338301e-48
2.140146400e+02 6.145750383e-48
2.145081600e+02 6.143189778e-48
2.150028200e+02 6.140656470e-48
2.154986100e+02 6.138149450e-48
2.159955600e+02 6.135670190e-48
2.164936400e+02 6.133217186e-48
2.169928800e+02 6.130791909e-48
2.174932700e+02 6.128393353e-48
2.179948100e+02 6.126021996e-48
2.184975000e+02 6.123677825e-48
2.190013600e+02 6.121360822e-48
2.195063800e+02 6.119070974e-48
2.200125600e+02 6.116808759e-48
2.205199100e+02 6.114573669e-48
2.210284400e+02 6.112365688e-48
2.215381300e+02 6.110185296e-48
2.220490000e+02 6.108032479e-48
2.225610400e+02 6.105906729e-48
2.230742700e+02 6.103808525e-48
2.235886800e+02 6.101738347e-48
2.241042800e+02 6.099695193e-48
2.246210700e+02 6.097680039e-48
2.251390400e+02 6.095692376e-48
2.256582200e+02 6.093732191e-48
2.261785900e+02 6.091799964e-48
2.267001600e+02 6.089895683e-48
2.272229300e+02 6.088018840e-48
2.277469100e+02 6.086169918e-48
2.282720900e+02 6.084349396e-48
2.287984900e+02 6.082556275e-48
2.293261000e+02 6.080791037e-48
2.298549300e+02 6.079054163e-48
2.303849700e+02 6.077345148e-48
2.309162400e+02 6.075664472e-48
2.314487400e+02 6.074012125e-48
2.319824600e+02 6.072387601e-48
2.325174100e+02 6.070791383e-48
2.330536000e+02 6.069223460e-48
2.335910200e+02 6.067684313e-48
2.341296900e+02 6.066172947e-48
2.346695900e+02 6.064690335e-48
2.352107400e+02 6.063235976e-48
2.357531400e+02 6.061810351e-48
2.362967900e+02 6.060413451e-48
2.368416900e+02 6.059044772e-48
2.373878500e+02 6.057705291e-48
2.379352700e+02 6.056394013e-48
2.384839500e+02 6.055111913e-48
2.390338900e+02 6.053858491e-48
2.395851100e+02 6.052633736e-48
2.401375900e+02 6.051438625e-48
2.406913500e+02 6.050271673e-48
2.412463900e+02 6.049134347e-48
2.418027000e+02 6.048025656e-48
2.423603000e+02 6.046946575e-48
2.429191900e+02 6.045896604e-48
2.434793600e+02 6.044875737e-48
2.440408300e+02 6.043883965e-48
2.446035900e+02 6.042921773e-48
2.451676400e+02 6.041989155e-48
2.457330000e+02 6.041086103e-48
2.462996700e+02 6.040212610e-48
2.468676300e+02 6.039368179e-48
2.474369100e+02 6.038553787e-48
2.480075000e+02 6.037769427e-48
2.485794100e+02 6.037014112e-48
2.491526400e+02 6.036289308e-48
2.497271900e+02 6.035594030e-48
2.503030600e+02 6.034928762e-48
2.508802600e+02 6.034293499e-48
2.514587900e+02 6.033688729e-48
2.520386600e+02 6.033113464e-48
2.526198600e+02 6.032568682e-48
2.532024000e+02 6.032054380e-48
2.537862900e+02 6.031570062e-48
2.543715200e+02 6.031116215e-48
2.549581100e+02 6.030692837e-48
2.555460400e+02 6.030300415e-48
2.561353300e+02 6.029937964e-48
2.567259800e+02 6.029606463e-48
2.573179900e+02 6.029305420e-48
2.579113700e+02 6.029035813e-48
2.585061200e+02 6.028796658e-48
2.591022300e+02 6.028588445e-48
2.596997300e+02 6.028411173e-48
2.602985900e+02 6.028264839e-48
2.608988500e+02 6.028149933e-48
2.615004800e+02 6.028065965e-48
2.621035000e+02 6.028013424e-48
2.627079200e+02 6.027992309e-48
2.633137200e+02 6.028002621e-48
2.639209200e+02 6.028044359e-48
2.645295300e+02 6.028117525e-48
2.651395400e+02 6.028222117e-48
2.657509500e+02 6.028359121e-48
2.663637700e+02 6.028527554e-48
2.669780100e+02 6.028727417e-48
2.675936600e+02 6.028959695e-48
2.682107400e+02 6.029223899e-48
2.688292300e+02 6.029520520e-48
2.694491500e+02 6.029849072e-48
2.700705100e+02 6.030209556e-48
2.706932900e+02 6.030602466e-48
2.713175100e+02 6.031028297e-48
2.719431700e+02 6.031486069e-48
2.725702800e+02 6.031976770e-48
2.731988200e+02 6.032499911e-48
2.738288200e+02 6.033055497e-48
2.744602700e+02 6.033644515e-48
2.750931800e+02 6.034265987e-48
2.757275500e+02 6.034920409e-48
2.763633800e+02 6.035607787e-48
2.770006700e+02 6.036328619e-48
2.776394400e+02 6.037082909e-48
2.782796800e+02 6.037870172e-48
2.789213900e+02 6.038690416e-48
2.795645900e+02 6.039544630e-48
2.802092700e+02 6.040432329e-48
2.808554300e+02 6.041354013e-48
2.815030900e+02 6.042308705e-48
2.821522300e+02 6.043297889e-48
2.828028800e+02 6.044320590e-48
2.834550300e+02 6.045377308e-48
2.841086800e+02 6.046468544e-48
2.847638300e+02 6.047593815e-48
2.854205000e+02 6.048753131e-48
2.860786800e+02 6.049946993e-48
2.867383800e+02 6.051174919e-48
2.873996000e+02 6.052437905e-48
2.880623500e+02 6.053735468e-48
2.887266200e+02 6.055067621e-48
2.893924300e+02 6.056434865e-48
2.900597700e+02 6.057836722e-48
2.907286500e+02 6.059273695e-48
2.913990700e+02 6.060745797e-48
2.920710400e+02 6.062253533e-48
2.927445600e+02 6.063796423e-48
2.934196300e+02 6.065374481e-48
2.940962600e+02 6.066988214e-48
2.947744400e+02 6.068637142e-48
2.954542000e+02 6.070322266e-48
2.961355200e+02 6.072043108e-48
2.968184100e+02 6.073800175e-48
2.975028700e+02 6.075592990e-48
2.981889200e+02 6.077422063e-48
2.988765400e+02 6.079286916e-48
2.995657500e+02 6.081188551e-48
3.002565600e+02 6.083126987e-48
3.009489500e+02 6.085101253e-48
3.016429400e+02 6.087112355e-48
3.023385300e+02 6.089160803e-48
3.030357300e+02 6.091245628e-48
3.037345300e+02 6.093367345e-48
3.044349400e+02 6.095526464e-48
3.051369700e+02 6.097722512e-48
3.058406200e+02 6.099956003e-48
3.065458900e+02 6.102226956e-48
3.072527900e+02 6.104535393e-48
3.079613100e+02 6.106881335e-48
3.086714800e+02 6.109265298e-48
3.093832700e+02 6.111687302e-48
3.100967200e+02 6.114146877e-48
3.108118000e+02 6.116644539e-48
3.115285300e+02 6.119180806e-48
3.122469200e+02 6.121755206e-48
3.129669700e+02 6.124368259e-48
3.136886700e+02 6.127019494e-48
3.144120400e+02 6.129709926e-48
3.151370800e+02 6.132438589e-48
3.158637800e+02 6.135206499e-48
3.165921700e+02 6.138013683e-48
3.173222300e+02 6.140859671e-48
3.180539800e+02 6.143745481e-48
3.187874100e+02 6.146670150e-48
3.195225400e+02 6.149634696e-48
3.202593600e+02 6.152638652e-48
3.209978800e+02 6.155682542e-48
3.217381100e+02 6.158766395e-48
3.224800400e+02 6.161890242e-48
3.232236800e+02 6.165054110e-48
3.239690300e+02 6.168258529e-48
3.247161100e+02 6.171503528e-48
3.254649100e+02 6.174788642e-48
3.262154300e+02 6.178114896e-48
3.269676900e+02 6.181481826e-48
3.277216800e+02 6.184889464e-48
3.284774100e+02 6.188338839e-48
3.292348800e+02 6.191828988e-48
3.299941000e+02 6.195360444e-48
3.307550600e+02 6.198933241e-48
3.315177900e+02 6.202547912e-48
3.322822700e+02 6.206204492e-48
3.330485200e+02 6.209903018e-48
3.338165300e+02 6.213643526e-48
3.345863100e+02 6.217426053e-48
3.353578700e+02 6.221250637e-48
3.361312100e+02 6.225118313e-48
3.369063300e+02 6.229028122e-48
3.376832400e+02 6.232981102e-48
3.384619400e+02 6.236976791e-48
3.392424300e+02 6.241015231e-48
3.400247300e+02 6.245096962e-48
3.408088300e+02 6.249222524e-48
3.415947400e+02 6.253390960e-48
3.423824600e+02 6.257603311e-48
3.431719900e+02 6.261859621e-48
3.439633500e+02 6.266159432e-48
3.447565300e+02 6.270503789e-48
3.455515400e+02 6.274891735e-48
3.463483900e+02 6.279324817e-48
3.471470700e+02 6.283802080e-48
3.479475900e+02 6.288324070e-48
3.487499600e+02 6.292890834e-48
3.495541800e+02 6.297502418e-48
3.503602600e+02 6.302159372e-48
3.511681900e+02 6.306861745e-48
3.519779900e+02 6.311609083e-48
3.527896500e+02 6.316402441e-48
3.536031900e+02 6.321241867e-48
3.544186000e+02 6.326126911e-48
3.552358900e+02 6.331058126e-48
3.560550700e+02 6.336035564e-48
3.568761300e+02 6.341059277e-48
3.576990900e+02 6.346129822e-48
3.585239500e+02 6.351247252e-48
3.593507100e+02 6.356411622e-48
3.601793700e+02 6.361622986e-48
3.610099500e+02 6.366881904e-48
3.618424400e+02 6.372187928e-48
3.626768500e+02 6.377541619e-48
3.635131900e+02 6.382943539e-48
3.643514500e+02 6.388392736e-48
3.651916500e+02 6.393890784e-48
3.660337900e+02 6.399436732e-48
3.668778600e+02 6.405031651e-48
3.677238900e+02 6.410674589e-48
3.685718600e+02 6.416367126e-48
3.694217900e+02 6.422108313e-48
3.702736800e+02 6.427898716e-48
3.711275300e+02 6.433738400e-48
3.719833600e+02 6.439628443e-48
3.728411500e+02 6.445567387e-48
3.737009300e+02 6.451556820e-48
3.745626800e+02 6.457596809e-48
3.754264300e+02 6.463686403e-48
3.762921600e+02 6.469827196e-48
3.771599000e+02 6.476018237e-48
3.780296300e+02 6.482260614e-48
3.789013700e+02 6.488554395e-48
3.797751200e+02 6.494899142e-48
3.806508800e+02 6.501295946e-48
3.815286700e+02 6.507744367e-48
3.824084800e+02 6.514244478e-48
3.832903100e+02 6.520797374e-48
3.841741800e+02 6.527402617e-48
3.850600900e+02 6.534060282e-48
3.859480400e+02 6.540770957e-48
3.868380400e+02 6.547534716e-48
3.877300900e+02 6.554352150e-48
3.886242000e+02 6.561222823e-48
3.895203700e+02 6.568147840e-48
3.904186100e+02 6.575126768e-48
3.913189200e+02 6.582160200e-48
3.922213000e+02 6.589247704e-48
3.931257700e+02 6.596390902e-48
3.940323200e+02 6.603588851e-48
3.949409600e+02 6.610842148e-48
3.958517000e+02 6.618151392e-48
3.967645300e+02 6.625516669e-48
3.976794800e+02 6.632938582e-48
3.985965300e+02 6.640417218e-48
3.995156900e+02 6.647952666e-48
4.004369800e+02 6.655546047e-48
4.013603900e+02 6.663196938e-48
4.022859300e+02 6.670905946e-48
4.032136100e+02 6.678674199e-48
4.041434200e+02 6.686501274e-48
4.050753800e+02 6.694388302e-48
4.060094800e+02 6.702335899e-48
4.069457500e+02 6.710344164e-48
4.078841700e+02 6.718414234e-48
4.088247500e+02 6.726546730e-48
4.097675000e+02 6.734742796e-48
4.107124300e+02 6.743002538e-48
4.116595400e+02 6.751328143e-48
4.126088300e+02 6.759720243e-48
4.135603000e+02 6.768181034e-48
4.145139800e+02 6.776711155e-48
4.154698500e+02 6.785313854e-48
4.164279300e+02 6.793991343e-48
4.173882100e+02 6.802746363e-48
4.183507100e+02 6.811582708e-48
4.193154300e+02 6.820506270e-48
4.202823800e+02 6.829521390e-48
4.212515500e+02 6.838637130e-48
4.222229600e+02 6.847863623e-48
4.231966100e+02 6.857213650e-48
4.241725100e+02 6.866706318e-48
4.251506500e+02 6.876367083e-48
4.261310500e+02 6.886232500e-48
4.271137100e+02 6.896356566e-48
4.280986400e+02 6.906820781e-48
4.290858400e+02 6.917754776e-48
4.300753100e+02 6.929374449e-48
4.310670700e+02 6.942059325e-48
4.320611100e+02 6.956535488e-48
4.330574500e+02 6.974333796e-48
4.340560800e+02 6.999164438e-48
4.350570200e+02 7.042089723e-48
4.360602700e+02 7.149835866e-48
4.370658200e+02 7.747417433e-48
4.380737000e+02 7.077807936e-47
4.390839000e+02 7.508423119e-48
4.400964300e+02 7.152808502e-48
4.411113000e+02 7.088895600e-48
4.421285100e+02 7.072562074e-48
4.431480600e+02 7.070594765e-48
4.441699600e+02 7.074505186e-48
4.451942200e+02 7.081368587e-48
4.462208400e+02 7.090018686e-48
4.472498300e+02 7.100018018e-48
4.482811900e+02 7.111377425e-48
4.493149300e+02 7.124637715e-48
4.503510500e+02 7.141535228e-48
4.513895700e+02 7.167956708e-48
4.524304700e+02 7.233078370e-48
4.534737800e+02 7.758197462e-48
4.545195000e+02 8.732754309e-48
4.555676200e+02 7.294054884e-48
4.566181600e+02 7.226112788e-48
4.576711300e+02 7.217100644e-48
4.587265200e+02 7.220294131e-48
4.597843500e+02 7.227591880e-48
4.608446200e+02 7.236680514e-48
4.619073300e+02 7.246696559e-48
4.629724900e+02 7.257259922e-48
4.640401100e+02 7.268180911e-48
4.651101900e+02 7.279356708e-48
4.661827300e+02 7.290726858e-48
4.672577600e+02 7.302254506e-48
4.683352600e+02 7.313916744e-48
4.694152400e+02 7.325697634e-48
4.704977200e+02 7.337586605e-48
4.715826900e+02 7.349575762e-48
4.726701600e+02 7.361659359e-48
4.737601400e+02 7.373834346e-48
4.748526400e+02 7.386097662e-48
4.759476500e+02 7.398446240e-48
4.770451900e+02 7.410879722e-48
4.781452600e+02 7.423396662e-48
4.792478600e+02 7.435995063e-48
4.803530100e+02 7.448675651e-48
4.814607100e+02 7.461437516e-48
4.825709600e+02 7.474279745e-48
4.836837800e+02 7.487202517e-48
4.847991500e+02 7.500206013e-48
4.859171100e+02 7.513289317e-48
4.870376300e+02 7.526453706e-48
4.881607500e+02 7.539697714e-48
4.892864500e+02 7.553022621e-48
4.904147500e+02 7.566428060e-48
4.915456500e+02 7.579914764e-48
4.926791600e+02 7.593481817e-48
4.938152800e+02 7.607129952e-48
4.949540200e+02 7.620859909e-48
4.960953900e+02 7.634670769e-48
4.972393900e+02 7.648564379e-48
4.983860200e+02 7.662539268e-48
4.995353100e+02 7.676596733e-48
5.006872400e+02 7.690736966e-48
5.018418300e+02 7.704960160e-48
5.029990800e+02 7.719266508e-48
5.041590000e+02 7.733656205e-48
5.053215900e+02 7.748130004e-48
5.064868700e+02 7.762687546e-48
5.076548300e+02 7.777329585e-48
5.088254900e+02 7.792056880e-48
5.099988400e+02 7.806868517e-48
5.111749000e+02 7.821766374e-48
5.123536800e+02 7.836749537e-48
5.135351700e+02 7.851818771e-48
5.147193800e+02 7.866974282e-48
5.159063300e+02 7.882216840e-48
5.170960100e+02 7.897546654e-48
5.182884400e+02 7.912963937e-48
5.194836200e+02 7.928468899e-48
5.206815500e+02 7.944062319e-48
5.218822500e+02 7.959743847e-48
5.230857100e+02 7.975514828e-48
5.242919500e+02 7.991374352e-48
5.255009700e+02 8.007324334e-48
5.267127800e+02 8.023363862e-48
5.279273900e+02 8.039494294e-48
5.291447900e+02 8.055714719e-48
5.303650000e+02 8.072027064e-48
5.315880300e+02 8.088430421e-48
5.328138700e+02 8.104926156e-48
5.340425500e+02 8.121513930e-48
5.352740500e+02 8.138193974e-48
5.365084000e+02 8.154967661e-48
5.377455900e+02 8.171834656e-48
5.389856400e+02 8.188795767e-48
5.402285400e+02 8.205850660e-48
5.414743100e+02 8.223000719e-48
5.427229600e+02 8.240245612e-48
5.439744800e+02 8.257586156e-48
5.452288900e+02 8.275022019e-48
5.464861900e+02 8.292554599e-48
5.477463900e+02 8.310183566e-48
5.490095000e+02 8.327909745e-48
5.502755200e+02 8.345733966e-48
5.515444600e+02 8.363655324e-48
5.528163300e+02 8.381675809e-48
5.540911200e+02 8.399794518e-48
5.553688600e+02 8.418012287e-48
5.566495500e+02 8.436329956e-48
5.579331900e+02 8.454747204e-48
5.592197800e+02 8.473265455e-48
5.605093500e+02 8.491884393e-48
5.618018900e+02 8.510604866e-48
5.630974100e+02 8.529426557e-48
5.643959100e+02 8.548350902e-48
5.656974200e+02 8.567378174e-48
5.670019200e+02 8.586508059e-48
5.683094300e+02 8.605741418e-48
5.696199500e+02 8.625078525e-48
5.709335000e+02 8.644520833e-48
5.722500800e+02 8.664067446e-48
5.735696900e+02 8.683719234e-48
5.748923500e+02 8.703477067e-48
5.762180600e+02 8.723341233e-48
5.775468200e+02 8.743311426e-48
5.788786500e+02 8.763389707e-48
5.802135400e+02 8.783574593e-48
5.815515200e+02 8.803868151e-48
5.828925800e+02 8.824270084e-48
5.842367400e+02 8.844781280e-48
5.855839900e+02 8.865402038e-48
5.869343500e+02 8.886132061e-48
5.882878300e+02 8.906973438e-48
5.896444300e+02 8.927925280e-48
5.910041500e+02 8.948988488e-48
5.923670100e+02 8.970163370e-48
5.937330100e+02 8.991450831e-48
5.951021700e+02 9.012851184e-48
5.964744800e+02 9.034364741e-48
5.978499500e+02 9.055991816e-48
5.992286000e+02 9.077733928e-48
6.006104200e+02 9.099590192e-48
6.019954300e+02 9.121562133e-48
6.033836400e+02 9.143650075e-48
6.047750500e+02 9.165854341e-48
6.061696600e+02 9.188175259e-48
6.075675000e+02 9.210613154e-48
6.089685500e+02 9.233169571e-48
6.103728400e+02 9.255844236e-48
6.117803600e+02 9.278637483e-48
6.131911300e+02 9.301550254e-48
6.146051600e+02 9.324582890e-48
6.160224400e+02 9.347736341e-48
6.174429900e+02 9.371010338e-48
6.188668200e+02 9.394405836e-48
6.202939300e+02 9.417923795e-48
6.217243300e+02 9.441563951e-48
6.231580400e+02 9.465327883e-48
6.245950400e+02 9.489214713e-48
6.260353600e+02 9.513226026e-48
6.274790100e+02 9.537362181e-48
6.289259800e+02 9.561623535e-48
6.303762900e+02 9.586011069e-48
6.318299400e+02 9.610524527e-48
6.332869400e+02 9.635164893e-48
6.347473100e+02 9.659933155e-48
6.362110400e+02 9.684829061e-48
6.376781500e+02 9.709854229e-48
6.391486400e+02 9.735008410e-48
6.406225200e+02 9.760291978e-48
6.420998000e+02 9.785705937e-48
6.435804900e+02 9.811251294e-48
6.450645900e+02 9.836927805e-48
6.465521100e+02 9.862736481e-48
6.480430700e+02 9.888677711e-48
6.495374600e+02 9.914751883e-48
6.510353000e+02 9.940960018e-48
6.525365900e+02 9.967303141e-48
6.540413400e+02 9.993781019e-48
6.555495700e+02 1.002039405e-47
6.570612700e+02 1.004714390e-47
6.585764600e+02 1.007403033e-47
6.600951400e+02 1.010105376e-47
6.616173200e+02 1.012821587e-47
6.631430200e+02 1.015551642e-47
6.646722300e+02 1.018295583e-47
6.662049700e+02 1.021053515e-47
6.677412500e+02 1.023825543e-47
6.692810600e+02 1.026611647e-47
6.708244300e+02 1.029411932e-47
6.723713600e+02 1.032226440e-47
6.739218500e+02 1.035055279e-47
6.754759200e+02 1.037898491e-47
6.770335700e+02 1.040756055e-47
6.785948100e+02 1.043628144e-47
6.801596600e+02 1.046514801e-47
6.817281100e+02 1.049416070e-47
6.833001800e+02 1.052332060e-47
6.848758800e+02 1.055262751e-47
6.864552100e+02 1.058208252e-47
6.880381800e+02 1.061168673e-47
6.896248000e+02 1.064143994e-47
6.912150800e+02 1.067134392e-47
6.928090300e+02 1.070139780e-47
6.944066500e+02 1.073160402e-47
6.960079600e+02 1.076196172e-47
6.976129600e+02 1.079247268e-47
6.992216600e+02 1.082313671e-47
7.008340700e+02 1.085395494e-47
7.024502000e+02 1.088492849e-47
7.040700500e+02 1.091605719e-47
7.056936400e+02 1.094734283e-47
7.073209800e+02 1.097878457e-47
7.089520700e+02 1.101038421e-47
7.105869100e+02 1.104214225e-47
7.122255300e+02 1.107405983e-47
7.138679300e+02 1.110613678e-47
7.155141200e+02 1.113837426e-47
7.171641000e+02 1.117077276e-47
7.188178800e+02 1.120333279e-47
7.204754800e+02 1.123605618e-47
7.221369000e+02 1.126894277e-47
7.238021600e+02 1.130199306e-47
7.254712500e+02 1.133520892e-47
7.271441900e+02 1.136859017e-47
7.288209900e+02 1.140213733e-47
7.305016600e+02 1.143585160e-47
7.321862000e+02 1.146973350e-47
7.338746300e+02 1.150378423e-47
7.355669500e+02 1.153800431e-47
7.372631700e+02 1.157239496e-47
7.389633100e+02 1.160695603e-47
7.406673600e+02 1.164168804e-47
7.423753500e+02 1.167659291e-47
7.440872700e+02 1.171167118e-47
7.458031400e+02 1.174692338e-47
7.475229700e+02 1.178235007e-47
7.492467600e+02 1.181795249e-47
7.509745300e+02 1.185373049e-47
7.527062800e+02 1.188968601e-47
7.544420300e+02 1.192581961e-47
7.561817800e+02 1.196213116e-47
7.579255400e+02 1.199862330e-47
7.596733200e+02 1.203529452e-47
7.614251400e+02 1.207214747e-47
7.631809900e+02 1.210918203e-47
7.649408900e+02 1.214640017e-47
7.667048500e+02 1.218380108e-47
7.684728800e+02 1.222138603e-47
7.702449800e+02 1.225915701e-47
7.720211700e+02 1.229711321e-47
7.738014600e+02 1.233525663e-47
7.755858500e+02 1.237358855e-47
7.773743600e+02 1.241210819e-47
7.791669900e+02 1.245081754e-47
7.809637500e+02 1.248971721e-47
7.827646600e+02 1.252880780e-47
7.845697200e+02 1.256809065e-47
7.863789500e+02 1.260756636e-47
7.881923400e+02 1.264723555e-47
7.900099200e+02 1.268709955e-47
7.918316900e+02 1.272715971e-47
7.936576600e+02 1.276741593e-47
7.954878400e+02 1.280786885e-47
7.973222400e+02 1.284852124e-47
7.991608700e+02 1.288937233e-47
8.010037400e+02 1.293042345e-47
8.028508600e+02 1.297167599e-47
8.047022400e+02 1.301312986e-47
8.065578900e+02 1.305478789e-47
8.084178200e+02 1.309664928e-47
8.102820400e+02 1.313871542e-47
8.121505600e+02 1.318098770e-47
8.140233800e+02 1.322346751e-47
8.159005200e+02 1.326615479e-47
8.177820000e+02 1.330905242e-47
8.196678100e+02 1.335215960e-47
8.215579700e+02 1.339547849e-47
8.234524900e+02 1.343901050e-47
8.253513800e+02 1.348275708e-47
8.272546400e+02 1.352671965e-47
8.291623000e+02 1.357089965e-47
8.310743500e+02 1.361530002e-47
8.329908200e+02 1.365992222e-47
8.349117000e+02 1.370476994e-47
8.368370100e+02 1.374984839e-47
8.387667600e+02 1.379516130e-47
8.407009700e+02 1.384071915e-47
8.426396300e+02 1.388653469e-47
8.445827600e+02 1.393262974e-47
8.465303800e+02 1.397904718e-47
8.484824800e+02 1.402587063e-47
8.504390900e+02 1.407329382e-47
8.524002100e+02 1.412185901e-47
8.543658500e+02 1.417362040e-47
8.563360300e+02 1.424281937e-47
8.583107400e+02 1.606627489e-47
8.602900100e+02 1.436179047e-47
8.622738500e+02 1.436645141e-47
8.642622600e+02 1.440798832e-47
8.662552500e+02 1.445424515e-47
8.682528500e+02 1.450195006e-47
8.702550400e+02 1.455035608e-47
8.722618600e+02 1.459922485e-47
8.742733000e+02 1.464846641e-47
8.762893800e+02 1.469805464e-47
8.783101100e+02 1.474800547e-47
8.803355000e+02 1.479840264e-47
8.823655600e+02 1.484952005e-47
8.844003000e+02 1.490250827e-47
8.864397400e+02 1.496715847e-47
8.884838700e+02 2.442145050e-47
8.905327200e+02 1.506612066e-47
8.925863000e+02 1.510645866e-47
8.946446100e+02 1.515608201e-47
8.967076700e+02 1.520734500e-47
8.987754800e+02 1.525926563e-47
9.008480700e+02 1.531159952e-47
9.029254300e+02 1.536426367e-47
9.050075800e+02 1.541722242e-47
9.070945400e+02 1.547046028e-47
9.091863000e+02 1.552397036e-47
9.112828900e+02 1.557774728e-47
9.133843200e+02 1.563178876e-47
9.154905900e+02 1.568609571e-47
9.176017200e+02 1.574066664e-47
9.197177100e+02 1.579550323e-47
9.218385900e+02 1.585060397e-47
9.239643600e+02 1.590597135e-47
9.260950300e+02 1.596160546e-47
9.282306100e+02 1.601750719e-47
9.303711200e+02 1.607367823e-47
9.325165600e+02 1.613011948e-47
9.346669500e+02 1.618683104e-47
9.368223000e+02 1.624381543e-47
9.389826200e+02 1.630107275e-47
9.411479200e+02 1.635860473e-47
9.433182100e+02 1.641641308e-47
9.454935100e+02 1.647449792e-47
9.476738300e+02 1.653286100e-47
9.498591700e+02 1.659150324e-47
9.520495500e+02 1.665042639e-47
9.542449900e+02 1.670963139e-47
9.564454800e+02 1.676912000e-47
9.586510500e+02 1.682889237e-47
9.608617100e+02 1.688895106e-47
9.630774600e+02 1.694929624e-47
9.652983300e+02 1.700993050e-47
9.675243100e+02 1.707085399e-47
9.697554300e+02 1.713206851e-47
9.719916900e+02 1.719357503e-47
9.742331200e+02 1.725537620e-47
9.764797000e+02 1.731747135e-47
9.787314700e+02 1.737986312e-47
9.809884400e+02 1.744255251e-47
9.832506000e+02 1.750554053e-47
9.855179900e+02 1.756882901e-47
9.877906000e+02 1.763241897e-47
9.900684500e+02 1.769631227e-47
9.923515600e+02 1.776051076e-47
9.946399300e+02 1.782501379e-47
9.969335700e+02 1.788982492e-47
9.992325100e+02 1.795494434e-47
1.001536700e+03 1.802037394e-47
1.003846300e+03 1.808611561e-47
1.006161200e+03 1.815216956e-47
1.008481400e+03 1.821853770e-47
1.010807000e+03 1.828522107e-47
1.013137900e+03 1.835222246e-47
1.015474200e+03 1.841954209e-47
1.017815900e+03 1.848718189e-47
1.020163000e+03 1.855514380e-47
1.022515500e+03 1.862342805e-47
1.024873400e+03 1.869203659e-47
1.027236800e+03 1.876097225e-47
1.029605600e+03 1.883023441e-47
1.031979900e+03 1.889982503e-47
1.034359600e+03 1.896974697e-47
1.036744900e+03 1.904000047e-47
1.039135600e+03 1.911058754e-47
1.041531900e+03 1.918151018e-47
1.043933600e+03 1.925276866e-47
1.046341000e+03 1.932436585e-47
1.048753800e+03 1.939630204e-47
1.051172300e+03 1.946857925e-47
1.053596300e+03 1.954119953e-47
1.056025900e+03 1.961416403e-47
1.058461100e+03 1.968747393e-47
1.060901900e+03 1.976113218e-47
1.063348300e+03 1.983513906e-47
1.065800400e+03 1.990949665e-47
1.068258200e+03 1.998420615e-47
1.070721600e+03 2.005926964e-47
1.073190700e+03 2.013468833e-47
1.075665500e+03 2.021046522e-47
1.078146000e+03 2.028659972e-47
1.080632200e+03 2.036309487e-47
1.083124100e+03 2.043995188e-47
1.085621800e+03 2.051717289e-47
1.088125300e+03 2.059475913e-47
1.090634500e+03 2.067271186e-47
1.093149500e+03 2.075103414e-47
1.095670300e+03 2.082972632e-47
1.098196900e+03 2.090879056e-47
1.100729400e+03 2.098822814e-47
1.103267700e+03 2.106804217e-47
1.105811800e+03 2.114823300e-47
1.108361800e+03 2.122880284e-47
1.110917700e+03 2.130975298e-47
1.113479500e+03 2.139108565e-47
1.116047200e+03 2.147280215e-47
1.118620800e+03 2.155490564e-47
1.121200400e+03 2.163739558e-47
1.123785900e+03 2.172027610e-47
1.126377300e+03 2.180354757e-47
1.128974700e+03 2.188721135e-47
1.131578200e+03 2.197127065e-47
1.134187600e+03 2.205572680e-47
1.136803000e+03 2.214058118e-47
1.139424500e+03 2.222583514e-47
1.142052000e+03 2.231149193e-47
1.144685600e+03 2.239755293e-47
1.147325300e+03 2.248401951e-47
1.149971000e+03 2.257089403e-47
1.152622900e+03 2.265817787e-47
1.155280800e+03 2.274587338e-47
1.157944900e+03 2.283398293e-47
1.160615100e+03 2.292250697e-47
1.163291500e+03 2.301144885e-47
1.165974100e+03 2.310080903e-47
1.168662800e+03 2.319059087e-47
1.171357800e+03 2.328079581e-47
1.174058900e+03 2.337142529e-47
1.176766300e+03 2.346248272e-47
1.179480000e+03 2.355396859e-47
1.182199800e+03 2.364588533e-47
1.184926000e+03 2.373823540e-47
1.187658500e+03 2.383102125e-47
1.190397200e+03 2.392424341e-47
1.193142300e+03 2.401790631e-47
1.195893700e+03 2.411201048e-47
1.198651400e+03 2.420655842e-47
1.201415500e+03 2.430155363e-47
1.204186000e+03 2.439699764e-47
1.206962800e+03 2.449289299e-47
1.209746100e+03 2.458924520e-47
1.212535800e+03 2.468605585e-47
1.215331900e+03 2.478333050e-47
1.218134500e+03 2.488107676e-47
1.220943500e+03 2.497930528e-47
1.223759000e+03 2.507803380e-47
1.226581000e+03 2.517729723e-47
1.229409500e+03 2.527718006e-47
1.232244500e+03 2.537791651e-47
1.235086100e+03 2.548046151e-47
1.237934200e+03 2.559267460e-47
1.240788900e+03 6.959697756e-47
1.243650200e+03 2.579457511e-47
1.246518000e+03 2.588682105e-47
1.249392500e+03 2.598779832e-47
1.252273600e+03 2.609049939e-47
1.255161400e+03 2.619405093e-47
1.258055800e+03 2.629824242e-47
1.260956900e+03 2.640301377e-47
1.263864600e+03 2.650835587e-47
1.266779100e+03 2.661431215e-47
1.269700300e+03 2.672105458e-47
1.272628300e+03 2.682945991e-47
1.275563000e+03 2.695247590e-47
1.278504400e+03 2.708534531e-47
1.281452700e+03 2.715353613e-47
1.284407700e+03 2.726006482e-47
1.287369600e+03 2.736879419e-47
1.290338200e+03 2.747838787e-47
1.293313800e+03 2.758861233e-47
1.296296200e+03 2.769940478e-47
1.299285400e+03 2.781074200e-47
1.302281600e+03 2.792261534e-47
1.305284700e+03 2.803502141e-47
1.308294700e+03 2.814795993e-47
1.311311600e+03 2.826143062e-47
1.314335500e+03 2.837543533e-47
1.317366400e+03 2.848997696e-47
1.320404200e+03 2.860505524e-47
1.323449100e+03 2.872067415e-47
1.326501000e+03 2.883683556e-47
1.329559900e+03 2.895354134e-47
1.332625900e+03 2.907079445e-47
1.335698900e+03 2.918859677e-47
1.338779000e+03 2.930695019e-47
1.341866300e+03 2.942585879e-47
1.344960600e+03 2.954532338e-47
1.348062100e+03 2.966534807e-47
1.351170800e+03 2.978593479e-47
1.354286600e+03 2.990708547e-47
1.357409600e+03 3.002880315e-47
1.360539800e+03 3.015109088e-47
1.363677200e+03 3.027395064e-47
1.366821800e+03 3.039738549e-47
1.369973700e+03 3.052139852e-47
1.373132900e+03 3.064599063e-47
1.376299300e+03 3.077116601e-47
1.379473100e+03 3.089692670e-47
1.382654200e+03 3.102327581e-47
1.385842600e+03 3.115021538e-47
1.389038400e+03 3.127774856e-47
1.392241500e+03 3.140587741e-47
1.395452000e+03 3.153460621e-47
1.398669900e+03 3.166393704e-47
1.401895300e+03 3.179387086e-47
1.405128100e+03 3.192441312e-47
1.408368300e+03 3.205556593e-47
1.411616000e+03 3.218733026e-47
1.414871200e+03 3.231971164e-47
1.418133900e+03 3.245271105e-47
1.421404100e+03 3.258633176e-47
1.424681900e+03 3.272057707e-47
1.427967200e+03 3.285544913e-47
1.431260100e+03 3.299095125e-47
1.434560600e+03 3.312708676e-47
1.437868700e+03 3.326385669e-47
1.441184500e+03 3.340126670e-47
1.444507900e+03 3.353931785e-47
1.447838900e+03 3.367801465e-47
1.451177600e+03 3.381735819e-47
1.454524100e+03 3.395735187e-47
1.457878200e+03 3.409800025e-47
1.461240100e+03 3.423930443e-47
1.464609700e+03 3.438126903e-47
1.467987100e+03 3.452389515e-47
1.471372300e+03 3.466718860e-47
1.474765300e+03 3.481114933e-47
1.478166100e+03 3.495578320e-47
1.481574800e+03 3.510109134e-47
1.484991300e+03 3.524707727e-47
1.488415700e+03 3.539374571e-47
1.491848000e+03 3.554109783e-47
1.495288200e+03 3.568913719e-47
1.498736400e+03 3.583786736e-47
1.502192500e+03 3.598729192e-47
1.505656500e+03 3.613741448e-47
1.509128600e+03 3.628823625e-47
1.512608600e+03 3.643976205e-47
1.516096700e+03 3.659199553e-47
1.519592900e+03 3.674493915e-47
1.523097000e+03 3.689859656e-47
1.526609300e+03 3.705297146e-47
1.530129700e+03 3.720806755e-47
1.533658200e+03 3.736388854e-47
1.537194800e+03 3.752043940e-47
1.540739600e+03 3.767772267e-47
1.544292600e+03 3.783574334e-47
1.547853700e+03 3.799450890e-47
1.551423100e+03 3.815402813e-47
1.555000700e+03 3.831431111e-47
1.558586500e+03 3.847538410e-47
1.562180600e+03 3.863729968e-47
1.565783000e+03 3.880021426e-47
1.569393700e+03 3.896482613e-47
1.573012800e+03 3.913875092e-47
1.576640100e+03 3.942748235e-47
1.580275900e+03 3.946148238e-47
1.583920000e+03 3.962449193e-47
1.587572500e+03 3.979082994e-47
1.591233500e+03 3.995842407e-47
1.594902900e+03 4.012697346e-47
1.598580700e+03 4.029642350e-47
1.602267100e+03 4.046684761e-47
1.605961900e+03 4.063874695e-47
1.609665300e+03 4.082021802e-47
1.613377200e+03 4.100178217e-47
1.617097600e+03 4.115675283e-47
1.620826700e+03 4.132977031e-47
1.624564300e+03 4.150446880e-47
1.628310600e+03 4.168016583e-47
1.632065500e+03 4.185674636e-47
1.635829000e+03 4.203417473e-47
1.639601300e+03 4.221244355e-47
1.643382200e+03 4.239155056e-47
1.647171900e+03 4.257149608e-47
1.650970200e+03 4.275228171e-47
1.654777400e+03 4.293391169e-47
1.658593300e+03 4.311638762e-47
1.662418100e+03 4.329971375e-47
1.666251600e+03 4.348389435e-47
1.670094000e+03 4.366893370e-47
1.673945200e+03 4.385483345e-47
1.677805400e+03 4.404159790e-47
1.681674400e+03 4.422923272e-47
1.685552400e+03 4.441774090e-47
1.689439300e+03 4.460712548e-47
1.693335100e+03 4.479739217e-47
1.697240000e+03 4.498854268e-47
1.701153800e+03 4.518058410e-47
1.705076700e+03 4.537351817e-47
1.709008600e+03 4.556734933e-47
1.712949600e+03 4.576208339e-47
1.716899700e+03 4.595772212e-47
1.720858800e+03 4.615427137e-47
1.724827200e+03 4.635173430e-47
1.728804600e+03 4.655011679e-47
1.732791300e+03 4.674942066e-47
1.736787100e+03 4.694965185e-47
1.740792100e+03 4.715081356e-47
1.744806400e+03 4.735291176e-47
1.748830000e+03 4.755594833e-47
1.752862800e+03 4.775993065e-47
1.756904900e+03 4.796485924e-47
1.760956300e+03 4.817074152e-47
1.765017100e+03 4.837758220e-47
1.769087200e+03 4.858538321e-47
1.773166800e+03 4.879415065e-47
1.777255700e+03 4.900388788e-47
1.781354100e+03 4.921459965e-47
1.785461900e+03 4.942629216e-47
1.789579200e+03 4.963896879e-47
1.793706000e+03 4.985263297e-47
1.797842300e+03 5.006728952e-47
1.801988100e+03 5.028294472e-47
1.806143500e+03 5.049960202e-47
1.810308500e+03 5.071726632e-47
1.814483100e+03 5.093594254e-47
1.818667300e+03 5.115563561e-47
1.822861100e+03 5.137634762e-47
1.827064700e+03 5.159808641e-47
1.831277900e+03 5.182085553e-47
1.835500800e+03 5.204466000e-47
1.839733500e+03 5.226950485e-47
1.843975900e+03 5.249539513e-47
1.848228200e+03 5.272233447e-47
1.852490200e+03 5.295032942e-47
1.856762100e+03 5.317938508e-47
1.861043800e+03 5.340950661e-47
1.865335300e+03 5.364070062e-47
1.869636800e+03 5.387297378e-47
1.873948200e+03 5.410633426e-47
1.878269600e+03 5.434079617e-47
1.882600900e+03 5.457638849e-47
1.886942200e+03 5.481319227e-47
1.891293500e+03 5.505159788e-47
1.895654800e+03 5.529816357e-47
1.900026200e+03 5.554232143e-47
1.904407700e+03 5.577150046e-47
1.908799200e+03 5.601283352e-47
1.913200900e+03 5.625589815e-47
1.917612800e+03 5.650023318e-47
1.922034800e+03 5.674577261e-47
1.926467100e+03 5.699254802e-47
1.930909500e+03 5.724085754e-47
1.935362200e+03 5.750122018e-47
1.939825200e+03 5.774214442e-47
1.944298400e+03 5.799094359e-47
1.948782000e+03 5.824310437e-47
1.953275900e+03 5.849663974e-47
1.957780200e+03 5.875140485e-47
1.962294800e+03 5.900736879e-47
1.966819900e+03 5.926453114e-47
1.971355400e+03 5.952289145e-47
1.975901300e+03 5.978245235e-47
1.980457800e+03 6.004322110e-47
1.985024700e+03 6.030520033e-47
1.989602200e+03 6.056839736e-47
1.994190300e+03 6.083281485e-47
1.998788900e+03 6.109846172e-47
2.003398100e+03 6.136533910e-47
2.008017900e+03 6.163345752e-47
2.012648400e+03 6.190281972e-47
2.017289600e+03 6.217343159e-47
2.021941500e+03 6.244529903e-47
2.026604100e+03 6.271842957e-47
2.031277500e+03 6.299282599e-47
2.035961600e+03 6.326849586e-47
2.040656600e+03 6.354544519e-47
2.045362300e+03 6.382368001e-47
2.050079000e+03 6.410320637e-47
2.054806500e+03 6.438402876e-47
2.059544900e+03 6.466615328e-47
2.064294200e+03 6.494958764e-47
2.069054500e+03 6.523433640e-47
2.073825700e+03 6.552040573e-47
2.078608000e+03 6.580780344e-47
2.083401300e+03 6.609653415e-47
2.088205600e+03 6.638660410e-47
2.093021000e+03 6.667801793e-47
2.097847500e+03 6.697078521e-47
2.102685200e+03 6.726491063e-47
2.107534000e+03 6.756040053e-47
2.112394000e+03 6.785725966e-47
2.117265200e+03 6.815549604e-47
2.122147600e+03 6.845511612e-47
2.127041300e+03 6.875612634e-47
2.131946300e+03 6.905853153e-47
2.136862600e+03 6.936233984e-47
2.141790200e+03 6.966755614e-47
2.146729200e+03 6.997418865e-47
2.151679600e+03 7.028224396e-47
2.156641300e+03 7.059172701e-47
2.161614600e+03 7.090264609e-47
2.166599300e+03 7.121500621e-47
2.171595500e+03 7.152881402e-47
2.176603200e+03 7.184407796e-47
2.181622400e+03 7.216080475e-47
2.186653300e+03 7.247899777e-47
2.191695700e+03 7.279866892e-47
2.196749800e+03 7.311981991e-47
2.201815500e+03 7.344246271e-47
2.206892900e+03 7.376659908e-47
2.211982000e+03 7.409224106e-47
2.217082900e+03 7.441939216e-47
2.222195500e+03 7.474806105e-47
2.227319900e+03 7.507825648e-47
2.232456100e+03 7.540998548e-47
2.237604200e+03 7.574326207e-47
2.242764100e+03 7.607810560e-47
2.247935900e+03 7.641459150e-47
2.253119700e+03 7.675351424e-47
2.258315400e+03 7.710095591e-47
2.263523100e+03 7.743323823e-47
2.268742800e+03 7.777559175e-47
2.273974500e+03 7.811974867e-47
2.279218300e+03 7.846554408e-47
2.284474200e+03 7.881295893e-47
2.289742200e+03 7.916199178e-47
2.295022400e+03 7.951265537e-47
2.300314700e+03 7.986498223e-47
2.305619300e+03 8.021928634e-47
2.310936100e+03 8.058110339e-47
2.316265100e+03 8.093174758e-47
2.321606400e+03 8.129045051e-47
2.326960100e+03 8.165093152e-47
2.332326100e+03 8.201310479e-47
2.337704400e+03 8.237696171e-47
2.343095200e+03 8.274250814e-47
2.348498400e+03 8.310974994e-47
2.353914000e+03 8.347869483e-47
2.359342200e+03 8.384934871e-47
2.364782800e+03 8.422172117e-47
2.370236000e+03 8.459582001e-47
2.375701800e+03 8.497165305e-47
2.381180200e+03 8.534922632e-47
2.386671200e+03 8.572854953e-47
2.392174900e+03 8.610963062e-47
2.397691300e+03 8.649247754e-47
2.403220400e+03 8.687709826e-47
2.408762200e+03 8.726354565e-47
2.414316800e+03 8.765179247e-47
2.419884300e+03 8.804183936e-47
2.425464600e+03 8.843369256e-47
2.431057700e+03 8.882736021e-47
2.436663700e+03 8.922285427e-47
2.442282700e+03 8.962017728e-47
2.447914600e+03 9.001934316e-47
2.453559500e+03 9.042035832e-47
2.459217500e+03 9.082323105e-47
2.464888400e+03 9.122796972e-47
2.470572500e+03 9.163458269e-47
2.476269600e+03 9.204308031e-47
2.481979900e+03 9.245346910e-47
2.487703400e+03 9.286575946e-47
2.493440100e+03 9.327995994e-47
2.499190000e+03 9.369607907e-47
2.504953100e+03 9.411412545e-47
2.510729500e+03 9.453410964e-47
2.516519300e+03 9.495603837e-47
2.522322400e+03 9.537992033e-47
2.528138900e+03 9.580576619e-47
2.533968800e+03 9.623358473e-47
2.539812200e+03 9.666338475e-47
2.545669000e+03 9.709517508e-47
2.551539300e+03 9.752896658e-47
2.557423200e+03 9.796494236e-47
2.563320600e+03 9.840300342e-47
2.569231700e+03 9.884309358e-47
2.575156300e+03 9.928521986e-47
2.581094700e+03 9.972939532e-47
2.587046700e+03 1.001756170e-46
2.593012400e+03 1.006239302e-46
2.598992000e+03 1.010742899e-46
2.604985200e+03 1.015267635e-46
2.610992400e+03 1.019812978e-46
2.617013300e+03 1.024379607e-46
2.623048200e+03 1.028967393e-46
2.629097000e+03 1.033576409e-46
2.635159700e+03 1.038206729e-46
2.641236400e+03 1.042858427e-46
2.647327100e+03 1.047531780e-46
2.653431800e+03 1.052227070e-46
2.659550700e+03 1.056949309e-46
2.665683600e+03 1.061688302e-46
2.671830700e+03 1.066442647e-46
2.677992000e+03 1.071224586e-46
2.684167400e+03 1.076029048e-46
2.690357100e+03 1.080855904e-46
2.696561100e+03 1.085705024e-46
2.702779400e+03 1.090576693e-46
2.709012100e+03 1.095470780e-46
2.715259100e+03 1.100387573e-46
2.721520500e+03 1.105327360e-46
2.727796300e+03 1.110290012e-46
2.734086600e+03 1.115283211e-46
2.740391500e+03 1.120285073e-46
2.746710800e+03 1.125315522e-46
2.753044800e+03 1.130370212e-46
2.759393300e+03 1.135448589e-46
2.765756500e+03 1.140550523e-46
2.772134300e+03 1.145675881e-46
2.778526900e+03 1.150825174e-46
2.784934200e+03 1.155998270e-46
2.791356300e+03 1.161195251e-46
2.797793200e+03 1.166416200e-46
2.804244900e+03 1.171661416e-46
2.810711500e+03 1.176930983e-46
2.817193000e+03 1.182224769e-46
2.823689500e+03 1.187543293e-46
2.830201000e+03 1.192886205e-46
2.836727400e+03 1.198254025e-46
2.843268900e+03 1.203646622e-46
2.849825500e+03 1.209064081e-46
2.856397200e+03 1.214506709e-46
2.862984100e+03 1.219974592e-46
2.869586200e+03 1.225467598e-46
2.876203500e+03 1.230986034e-46
2.882836000e+03 1.236530211e-46
2.889483900e+03 1.242099997e-46
2.896147000e+03 1.247695479e-46
2.902825600e+03 1.253316746e-46
2.909519500e+03 1.258964336e-46
2.916228900e+03 1.264637893e-46
2.922953700e+03 1.270337729e-46
2.929694100e+03 1.276063937e-46
2.936450000e+03 1.281816608e-46
2.943221500e+03 1.287595833e-46
2.950008500e+03 1.293401932e-46
2.956811300e+03 1.299234770e-46
2.963629700e+03 1.305094668e-46
2.970463900e+03 1.310981719e-46
2.977313800e+03 1.316896019e-46
2.984179500e+03 1.322837662e-46
2.991061000e+03 1.328806972e-46
2.997958400e+03 1.334803584e-46
3.004871800e+03 1.340828286e-46
3.011801000e+03 1.346880713e-46
3.018746300e+03 1.352960959e-46
3.025707500e+03 1.359069588e-46
3.032684800e+03 1.365206465e-46
3.039678200e+03 1.371371687e-46
3.046687700e+03 1.377565352e-46
3.053713400e+03 1.383787794e-46
3.060755300e+03 1.390039114e-46
3.067813400e+03 1.396319174e-46
3.074887800e+03 1.402628548e-46
3.081978500e+03 1.408966863e-46
3.089085600e+03 1.415334933e-46
3.096209100e+03 1.422173594e-46
3.103348900e+03 1.428159082e-46
3.110505300e+03 1.434615124e-46
3.117678100e+03 1.441101571e-46
3.124867500e+03 1.447617808e-46
3.132073500e+03 1.454164421e-46
3.139296100e+03 1.460741274e-46
3.146535300e+03 1.467348714e-46
3.153791300e+03 1.473986604e-46
3.161063900e+03 1.480655050e-46
3.168353400e+03 1.487354644e-46
3.175659600e+03 1.494085006e-46
3.182982700e+03 1.500846733e-46
3.190322700e+03 1.507652949e-46
3.197679600e+03 1.514469887e-46
3.205053500e+03 1.521330077e-46
3.212444300e+03 1.528222334e-46
3.219852300e+03 1.535146524e-46
3.227277300e+03 1.542102756e-46
3.234719400e+03 1.549091142e-46
3.242178700e+03 1.556112042e-46
3.249655200e+03 1.563165321e-46
3.257148900e+03 1.570251089e-46
3.264659900e+03 1.577369710e-46
3.272188200e+03 1.584521298e-46
3.279733900e+03 1.591705715e-46
3.287297000e+03 1.598923580e-46
3.294877600e+03 1.606175009e-46
3.302475600e+03 1.613459611e-46
3.310091100e+03 1.620778263e-46
3.317724200e+03 1.628130575e-46
3.325374900e+03 1.635516917e-46
3.333043200e+03 1.642937409e-46
3.340729300e+03 1.650392168e-46
3.348433000e+03 1.657881570e-46
3.356154500e+03 1.665405478e-46
3.363893800e+03 1.672964269e-46
3.371651000e+03 1.680557806e-46
3.379426100e+03 1.688186727e-46
3.387219000e+03 1.695850895e-46
3.395030000e+03 1.703550434e-46
3.402859000e+03 1.711285464e-46
3.410706000e+03 1.719056370e-46
3.418571100e+03 1.726863278e-46
3.426454300e+03 1.734706312e-46
3.434355800e+03 1.742585597e-46
3.442275400e+03 1.750501523e-46
3.450213300e+03 1.758453688e-46
3.458169500e+03 1.766442748e-46
3.466144100e+03 1.774468830e-46
3.474137100e+03 1.782532063e-46
3.482148500e+03 1.790632576e-46
3.490178300e+03 1.798770498e-46
3.498226700e+03 1.806946228e-46
3.506293600e+03 1.815159626e-46
3.514379200e+03 1.823411094e-46
3.522483400e+03 1.831700492e-46
3.530606200e+03 1.840028766e-46
3.538747800e+03 1.848409919e-46
3.546908200e+03 1.856800306e-46
3.555087400e+03 1.865244109e-46
3.563285500e+03 1.873727052e-46
3.571502400e+03 1.882249272e-46
3.579738300e+03 1.890811180e-46
3.587993200e+03 1.899412362e-46
3.596267200e+03 1.908053507e-46
3.604560200e+03 1.916734476e-46
3.612872400e+03 1.925455684e-46
3.621203700e+03 1.934217272e-46
3.629554200e+03 1.943019378e-46
3.637924000e+03 1.951862145e-46
3.646313000e+03 1.960745991e-46
3.654721500e+03 1.969672745e-46
3.663149300e+03 1.978636934e-46
3.671596500e+03 1.987644314e-46
3.680063300e+03 1.996693346e-46
3.688549500e+03 2.005784457e-46
3.697055300e+03 2.014917509e-46
3.705580800e+03 2.024092932e-46
3.714125900e+03 2.033310587e-46
3.722690700e+03 2.042570908e-46
3.731275200e+03 2.051874327e-46
3.739879600e+03 2.061220420e-46
3.748503800e+03 2.070609911e-46
3.757147900e+03 2.080042949e-46
3.765811900e+03 2.089519686e-46
3.774495900e+03 2.099039985e-46
3.783199900e+03 2.108604284e-46
3.791924000e+03 2.118213029e-46
3.800668200e+03 2.127866081e-46
3.809432500e+03 2.137563886e-46
3.818217100e+03 2.147306599e-46
3.827022000e+03 2.157094083e-46
3.835847100e+03 2.166927081e-46
3.844692600e+03 2.176805455e-46
3.853558500e+03 2.186729659e-46
3.862444800e+03 2.196699851e-46
3.871351600e+03 2.206715895e-46
3.880279000e+03 2.216778245e-46
3.889227000e+03 2.226887362e-46
3.898195500e+03 2.237043107e-46
3.907184800e+03 2.247245943e-46
3.916194800e+03 2.257495733e-46
3.925225600e+03 2.267793239e-46
3.934277200e+03 2.278138026e-46
3.943349700e+03 2.288530861e-46
3.952443100e+03 2.298971911e-46
3.961557400e+03 2.309461039e-46
3.970692800e+03 2.319999022e-46
3.979849300e+03 2.330599768e-46
3.989026800e+03 2.341220699e-46
3.998225500e+03 2.351905343e-46
4.007445500e+03 2.362639212e-46
4.016686700e+03 2.373423094e-46
4.025949200e+03 2.384256545e-46
4.035233100e+03 2.395140355e-46
4.044538300e+03 2.406074388e-46
4.053865100e+03 2.417058820e-46
4.063213300e+03 2.428094134e-46
4.072583100e+03 2.439180820e-46
4.081974500e+03 2.450318431e-46
4.091387600e+03 2.461507770e-46
4.100822400e+03 2.472748702e-46
4.110278900e+03 2.484041721e-46
4.119757200e+03 2.495436293e-46
4.129257400e+03 2.506784741e-46
4.138779500e+03 2.518235106e-46
4.148323600e+03 2.529738601e-46
4.157889600e+03 2.541295093e-46
4.167477800e+03 2.552905402e-46
4.177088000e+03 2.564569077e-46
4.186720400e+03 2.576286943e-46
4.196375000e+03 2.588058866e-46
4.206051900e+03 2.599885357e-46
4.215751100e+03 2.611766281e-46
4.225472600e+03 2.623702474e-46
4.235216600e+03 2.635693804e-46
4.244983000e+03 2.647740462e-46
4.254772000e+03 2.659842965e-46
4.264583500e+03 2.672001506e-46
4.274417700e+03 2.684216281e-46
4.284274500e+03 2.696487484e-46
4.294154100e+03 2.708815310e-46
4.304056500e+03 2.721200285e-46
4.313981600e+03 2.733642608e-46
4.323929700e+03 2.746142477e-46
4.333900700e+03 2.758700424e-46
4.343894700e+03 2.771315985e-46
4.353911800e+03 2.783990359e-46
4.363951900e+03 2.796723082e-46
4.374015300e+03 2.809514692e-46
4.384101800e+03 2.822365728e-46
4.394211500e+03 2.835277744e-46
4.404344600e+03 2.848246568e-46
4.414501100e+03 2.861276109e-46
4.424681000e+03 2.874366240e-46
4.434884300e+03 2.887517173e-46
4.445111200e+03 2.900728779e-46
4.455361600e+03 2.914001608e-46
4.465635700e+03 2.927335873e-46
4.475933500e+03 2.940731787e-46
4.486255100e+03 2.954189907e-46
4.496600400e+03 2.967710105e-46
4.506969600e+03 2.981292596e-46
4.517362700e+03 2.994938287e-46
4.527779800e+03 3.008647051e-46
4.538220900e+03 3.022419106e-46
4.548686000e+03 3.036255021e-46
4.559175300e+03 3.050155016e-46
4.569688800e+03 3.064119664e-46
4.580226600e+03 3.078147787e-46
4.590788600e+03 3.092241360e-46
4.601375000e+03 3.106400258e-46
4.611985800e+03 3.120624708e-46
4.622621100e+03 3.134914938e-46
4.633280900e+03 3.149271175e-46
4.643965300e+03 3.163694005e-46
4.654674300e+03 3.178183301e-46
4.665408000e+03 3.192739650e-46
4.676166500e+03 3.207363643e-46
4.686949700e+03 3.222055156e-46
4.697757900e+03 3.236814783e-46
4.708591000e+03 3.251642400e-46
4.719449000e+03 3.266538964e-46
4.730332100e+03 3.281503991e-46
4.741240300e+03 3.296538805e-46
4.752173600e+03 3.311642923e-46
4.763132100e+03 3.326816949e-46
4.774116000e+03 3.342061491e-46
4.785125100e+03 3.357381191e-46
4.796159700e+03 3.372761634e-46
4.807219600e+03 3.388218090e-46
4.818305100e+03 3.403746411e-46
4.829416200e+03 3.419346847e-46
4.840552800e+03 3.435018907e-46
4.851715200e+03 3.450763953e-46
4.862903300e+03 3.466581495e-46
4.874117200e+03 3.482472528e-46
4.885356900e+03 3.498436935e-46
4.896622600e+03 3.514475344e-46
4.907914200e+03 3.530588012e-46
4.919231900e+03 3.546775198e-46
4.930575700e+03 3.563037158e-46
4.941945700e+03 3.579374530e-46
4.953341800e+03 3.595787197e-46
4.964764300e+03 3.612276179e-46
4.976213100e+03 3.628841741e-46
4.987688200e+03 3.645483387e-46
4.999189900e+03 3.662201761e-46
5.010718100e+03 3.678997895e-46
5.022272800e+03 3.695872061e-46
5.033854200e+03 3.712823758e-46
5.045462300e+03 3.729854412e-46
5.057097200e+03 3.746963526e-46
5.068758900e+03 3.764152144e-46
5.080447500e+03 3.781420156e-46
5.092163000e+03 3.798767836e-46
5.103905600e+03 3.816196241e-46
5.115675300e+03 3.833705260e-46
5.127472000e+03 3.851299883e-46
5.139296000e+03 3.868966654e-46
5.151147300e+03 3.886719196e-46
5.163025900e+03 3.904554264e-46
5.174931900e+03 3.922472146e-46
5.186865300e+03 3.940472732e-46
5.198826200e+03 3.958556706e-46
5.210814800e+03 3.976724359e-46
5.222830900e+03 3.994976378e-46
5.234874800e+03 4.013312658e-46
5.246946500e+03 4.031733892e-46
5.259046000e+03 4.050239970e-46
5.271173400e+03 4.068831995e-46
5.283328800e+03 4.087510263e-46
5.295512200e+03 4.106274670e-46
5.307723600e+03 4.125126325e-46
5.319963300e+03 4.144065126e-46
5.332231200e+03 4.163091374e-46
5.344527300e+03 4.182205780e-46
5.356851900e+03 4.201410701e-46
5.369204800e+03 4.220700704e-46
5.381586200e+03 4.240081426e-46
5.393996200e+03 4.259552360e-46
5.406434800e+03 4.279112993e-46
5.418902100e+03 4.298764465e-46
5.431398100e+03 4.318507091e-46
5.443923000e+03 4.338340772e-46
5.456476700e+03 4.358266656e-46
5.469059400e+03 4.378285903e-46
5.481671100e+03 4.398395484e-46
5.494311800e+03 4.418598647e-46
5.506981800e+03 4.438895719e-46
5.519680900e+03 4.459286604e-46
5.532409300e+03 4.479772050e-46
5.545167100e+03 4.500352386e-46
5.557954300e+03 4.521028365e-46
5.570771000e+03 4.541799470e-46
5.583617200e+03 4.562666882e-46
5.596493100e+03 4.583631363e-46
5.609398600e+03 4.604692394e-46
5.622334000e+03 4.625851167e-46
5.635299100e+03 4.647107592e-46
5.648294200e+03 4.668462871e-46
5.661319200e+03 4.689916481e-46
5.674374200e+03 4.711470065e-46
5.687459400e+03 4.733123100e-46
5.700574700e+03 4.754876367e-46
5.713720200e+03 4.776730650e-46
5.726896100e+03 4.798687177e-46
5.740102400e+03 4.820742354e-46
5.753339100e+03 4.842901355e-46
5.766606400e+03 4.865162780e-46
5.779904200e+03 4.887527427e-46
5.793232700e+03 4.909995654e-46
5.806591900e+03 4.932568265e-46
5.819982000e+03 4.955244732e-46
5.833402900e+03 4.978026753e-46
5.846854800e+03 5.000916931e-46
5.860337700e+03 5.023907133e-46
5.873851700e+03 5.047006672e-46
5.887396800e+03 5.070213686e-46
5.900973200e+03 5.093527646e-46
5.914580900e+03 5.116949827e-46
5.928219900e+03 5.140480604e-46
5.941890500e+03 5.164119901e-46
5.955592500e+03 5.187869003e-46
5.969326200e+03 5.211727836e-46
5.983091500e+03 5.235697694e-46
5.996888500e+03 5.259778049e-46
6.010717400e+03 5.283970199e-46
6.024578100e+03 5.308274075e-46
6.038470900e+03 5.332690523e-46
6.052395600e+03 5.357220397e-46
6.066352500e+03 5.381863629e-46
6.080341600e+03 5.406621076e-46
6.094362900e+03 5.431493134e-46
6.108416500e+03 5.456713326e-46
6.122502600e+03 5.481583610e-46
6.136621100e+03 5.506802830e-46
6.150772200e+03 5.532139202e-46
6.164955900e+03 5.557592663e-46
6.179172400e+03 5.583163616e-46
6.193421600e+03 5.608853890e-46
6.207703700e+03 5.634662477e-46
6.222018700e+03 5.660590737e-46
6.236366700e+03 5.686639086e-46
6.250747800e+03 5.712808418e-46
6.265162100e+03 5.739104425e-46
6.279609600e+03 5.765510757e-46
6.294090400e+03 5.792045086e-46
6.308604600e+03 5.818702568e-46
6.323152300e+03 5.845483632e-46
6.337733600e+03 5.872388221e-46
6.352348400e+03 5.899418221e-46
6.366997000e+03 5.926572608e-46
6.381679300e+03 5.953853275e-46
6.396395500e+03 5.981260173e-46
6.411145700e+03 6.008794229e-46
6.425929800e+03 6.036455886e-46
6.440748100e+03 6.064245587e-46
6.455600500e+03 6.092163776e-46
6.470487100e+03 6.120211886e-46
6.485408100e+03 6.148389380e-46
6.500363500e+03 6.176697699e-46
6.515353400e+03 6.205137297e-46
6.530377900e+03 6.233708630e-46
6.545437000e+03 6.262411656e-46
6.560530800e+03 6.291248333e-46
6.575659400e+03 6.320218626e-46
6.590823000e+03 6.349322998e-46
6.606021500e+03 6.378562418e-46
6.621255000e+03 6.407936851e-46
6.636523700e+03 6.437447778e-46
6.651827500e+03 6.467095673e-46
6.667166700e+03 6.496880505e-46
6.682541200e+03 6.526803767e-46
6.697951200e+03 6.556865431e-46
6.713396800e+03 6.587066488e-46
6.728877900e+03 6.617407424e-46
6.744394700e+03 6.647889238e-46
6.759947400e+03 6.678511905e-46
6.775535900e+03 6.709276430e-46
6.791160300e+03 6.740183824e-46
6.806820800e+03 6.771234584e-46
6.822517300e+03 6.802429209e-46
6.838250100e+03 6.833768197e-46
6.854019200e+03 6.865252574e-46
6.869824600e+03 6.896882845e-46
6.885666500e+03 6.928659516e-46
6.901544900e+03 6.960583622e-46
6.917459900e+03 6.992656205e-46
6.933411600e+03 7.024876721e-46
6.949400100e+03 7.057246745e-46
6.965425500e+03 7.089767329e-46
6.981487800e+03 7.122437929e-46
6.997587200e+03 7.155260670e-46
7.013723600e+03 7.188235009e-46
7.029897300e+03 7.221362545e-46
7.046108300e+03 7.254643275e-46
7.062356700e+03 7.288078267e-46
7.078642600e+03 7.321668599e-46
7.094966000e+03 7.355414811e-46
7.111327000e+03 7.389316902e-46
7.127725800e+03 7.423376500e-46
7.144162400e+03 7.457594155e-46
7.160636900e+03 7.491970415e-46
7.177149400e+03 7.526505831e-46
7.193699900e+03 7.561201506e-46
7.210288600e+03 7.596057995e-46
7.226915600e+03 7.631075859e-46
7.243580900e+03 7.666256763e-46
7.260284700e+03 7.701600166e-46
7.277027000e+03 7.737107743e-46
7.293807900e+03 7.772780066e-46
7.310627400e+03 7.808617149e-46
7.327485800e+03 7.844621241e-46
7.344383000e+03 7.880791803e-46
7.361319200e+03 7.917130537e-46
7.378294500e+03 7.953637464e-46
7.395308900e+03 7.990313168e-46
7.412362500e+03 8.027159934e-46
7.429455500e+03 8.064177223e-46
7.446587900e+03 8.101365626e-46
7.463759800e+03 8.138727447e-46
7.480971300e+03 8.176262149e-46
7.498222400e+03 8.213970330e-46
7.515513400e+03 8.251854315e-46
7.532844200e+03 8.289913567e-46
7.550215000e+03 8.328149269e-46
7.567625900e+03 8.366562614e-46
7.585076900e+03 8.405154218e-46
7.602568100e+03 8.443924703e-46
7.620099700e+03 8.482874689e-46
7.637671700e+03 8.522005382e-46
7.655284200e+03 8.561317997e-46
7.672937400e+03 8.600812579e-46
7.690631200e+03 8.640490936e-46
7.708365900e+03 8.680353118e-46
7.726141400e+03 8.720399765e-46
7.743958000e+03 8.760632699e-46
7.761815600e+03 8.801051976e-46
7.779714400e+03 8.841658837e-46
7.797654500e+03 8.882454531e-46
7.815635900e+03 8.923439118e-46
7.833658900e+03 8.964613851e-46
7.851723300e+03 9.005979993e-46
7.869829500e+03 9.047537608e-46
7.887977400e+03 9.089287962e-46
7.906167100e+03 9.131232330e-46
7.924398800e+03 9.173371388e-46
7.942672500e+03 9.215705812e-46
7.960988400e+03 9.258236889e-46
7.979346500e+03 9.300965303e-46
7.997746900e+03 9.343891741e-46
8.016189800e+03 9.387018116e-46
8.034675200e+03 9.430343896e-46
8.053203200e+03 9.473874082e-46
8.071773900e+03 9.517600140e-46
8.090387500e+03 9.561532007e-46
8.109044000e+03 9.605667928e-46
8.127743500e+03 9.650008615e-46
8.146486100e+03 9.694555400e-46
8.165272000e+03 9.739308379e-46
8.184101200e+03 9.784269516e-46
8.202973800e+03 9.829439537e-46
8.221889900e+03 9.874818540e-46
8.240849600e+03 9.920409140e-46
8.259853100e+03 9.966210813e-46
8.278900400e+03 1.001222492e-45
8.297991600e+03 1.005845285e-45
8.317126800e+03 1.010489532e-45
8.336306200e+03 1.015155373e-45
8.355529800e+03 1.019842820e-45
8.374797700e+03 1.024552074e-45
8.394110000e+03 1.029283213e-45
8.413466900e+03 1.034036248e-45
8.432868400e+03 1.038811447e-45
8.452314700e+03 1.043608761e-45
8.471805800e+03 1.048428329e-45
8.491341900e+03 1.053270294e-45
8.510923000e+03 1.058134735e-45
8.530549200e+03 1.063021794e-45
8.550220700e+03 1.067931551e-45
8.569937600e+03 1.072864083e-45
8.589699900e+03 1.077819537e-45
8.609507800e+03 1.082797992e-45
8.629361400e+03 1.087799527e-45
8.649260800e+03 1.092824356e-45
8.669206100e+03 1.097872493e-45
8.689197300e+03 1.102944085e-45
8.709234700e+03 1.108039282e-45
8.729318200e+03 1.113158097e-45
8.749448100e+03 1.118300682e-45
8.769624400e+03 1.123467117e-45
8.789847200e+03 1.128657620e-45
8.810116700e+03 1.133872209e-45
8.830432900e+03 1.139111033e-45
8.850795900e+03 1.144374178e-45
8.871205900e+03 1.149661864e-45
8.891663000e+03 1.154973972e-45
8.912167200e+03 1.160310791e-45
8.932718800e+03 1.165672477e-45
8.953317700e+03 1.171058978e-45
8.973964100e+03 1.176470586e-45
8.994658100e+03 1.181907321e-45
9.015399900e+03 1.187369270e-45
9.036189500e+03 1.192856659e-45
9.057027000e+03 1.198369575e-45
9.077912600e+03 1.203908040e-45
9.098846300e+03 1.209472280e-45
9.119828300e+03 1.215062317e-45
9.140858700e+03 1.220678378e-45
9.161937600e+03 1.226320556e-45
9.183065100e+03 1.231988940e-45
9.204241300e+03 1.237683693e-45
9.225466400e+03 1.243404906e-45
9.246740400e+03 1.249153167e-45
9.268063400e+03 1.254927224e-45
9.289435600e+03 1.260728514e-45
9.310857100e+03 1.266556849e-45
9.332328000e+03 1.272412251e-45
9.353848500e+03 1.278294886e-45
9.375418500e+03 1.284204920e-45
9.397038300e+03 1.290142378e-45
9.418707900e+03 1.296107426e-45
9.440427600e+03 1.302100234e-45
9.462197300e+03 1.308120824e-45
9.484017200e+03 1.314169512e-45
9.505887400e+03 1.320246250e-45
9.527808000e+03 1.326351282e-45
9.549779200e+03 1.332484705e-45
9.571801100e+03 1.338646693e-45
9.593873700e+03 1.344837344e-45
9.615997300e+03 1.351057200e-45
9.638171800e+03 1.357305259e-45
9.660397500e+03 1.363582724e-45
9.682674500e+03 1.369889328e-45
9.705002800e+03 1.376225322e-45
9.727382600e+03 1.382590808e-45
9.749814000e+03 1.388985889e-45
9.772297200e+03 1.395410668e-45
9.794832200e+03 1.401865323e-45
9.817419100e+03 1.408350108e-45
9.840058200e+03 1.414864979e-45
9.862749400e+03 1.421410190e-45
9.885493000e+03 1.427985772e-45
9.908289000e+03 1.434592058e-45
9.931137600e+03 1.441229003e-45
9.954038900e+03 1.447896866e-45
9.976993000e+03 1.454595678e-45
1.000000000e+04 1.461325777e-45
