1.000000000e+00 6.045529009e-31
1.009300000e+00 5.221507600e-31
1.018600000e+00 4.510062649e-31
1.028000000e+00 3.895507396e-31
1.037600000e+00 3.364812049e-31
1.047200000e+00 2.906503744e-31
1.056900000e+00 2.510711449e-31
1.066700000e+00 2.168764900e-31
1.076500000e+00 1.873504656e-31
1.086500000e+00 1.618452900e-31
1.096600000e+00 1.398161664e-31
1.106700000e+00 1.207910025e-31
1.117000000e+00 1.043548416e-31
1.127300000e+00 9.016207290e-32
1.137800000e+00 7.789681000e-32
1.148300000e+00 6.730392490e-32
1.158900000e+00 5.815332250e-32
1.169700000e+00 5.024770560e-32
1.180500000e+00 4.341805690e-32
1.191500000e+00 3.751969000e-32
1.202500000e+00 3.242160360e-32
1.213600000e+00 2.801606440e-32
1.224900000e+00 2.421136000e-32
1.236200000e+00 2.092362250e-32
1.247700000e+00 1.808487040e-32
1.259200000e+00 1.563000040e-32
1.270900000e+00 1.350941290e-32
1.282600000e+00 1.167696360e-32
1.294500000e+00 1.009221160e-32
1.306500000e+00 8.723746801e-33
1.318600000e+00 7.541011921e-33
1.330800000e+00 6.518947600e-33
1.343200000e+00 5.635655041e-33
1.355600000e+00 4.872179601e-33
1.368200000e+00 4.212269604e-33
1.380800000e+00 3.642001801e-33
1.393600000e+00 3.149005456e-33
1.406500000e+00 2.722856761e-33
1.419600000e+00 2.354481529e-33
1.432700000e+00 2.035994884e-33
1.446000000e+00 1.760725521e-33
1.459400000e+00 1.522716484e-33
1.472900000e+00 1.316964100e-33
1.486500000e+00 1.138995001e-33
1.500300000e+00 9.852065440e-34
1.514200000e+00 8.521728640e-34
1.528200000e+00 7.371768010e-34
1.542400000e+00 6.377140090e-34
1.556700000e+00 5.516861440e-34
1.571100000e+00 4.772914090e-34
1.585600000e+00 4.129836840e-34
1.600300000e+00 3.573234090e-34
1.615100000e+00 3.091970560e-34
1.630100000e+00 2.675514490e-34
1.645200000e+00 2.315570890e-34
1.660400000e+00 2.003923360e-34
1.675800000e+00 1.734489000e-34
1.691300000e+00 1.501115040e-34
1.707000000e+00 1.299372010e-34
1.722800000e+00 1.124872360e-34
1.738800000e+00 9.738729225e-35
1.754900000e+00 8.431646976e-35
1.771100000e+00 7.300506249e-35
1.787500000e+00 6.321681081e-35
1.804100000e+00 5.474668081e-35
1.820800000e+00 4.742112769e-35
1.837700000e+00 4.109194609e-35
1.854700000e+00 3.567075625e-35
1.871900000e+00 3.226126401e-35
1.889200000e+00 2.722021929e-35
1.906700000e+00 2.318807716e-35
1.924400000e+00 2.005158841e-35
1.942200000e+00 1.736305561e-35
1.960200000e+00 1.504121089e-35
1.978300000e+00 1.303210000e-35
1.996600000e+00 1.129363236e-35
2.015100000e+00 9.787512250e-36
2.033800000e+00 8.483238760e-36
2.052600000e+00 7.353316890e-36
2.071600000e+00 6.374615040e-36
2.090800000e+00 5.526730810e-36
2.110200000e+00 4.792158810e-36
2.129700000e+00 4.155482250e-36
2.149500000e+00 3.603542890e-36
2.169400000e+00 3.125470410e-36
2.189500000e+00 2.710962250e-36
2.209800000e+00 2.351622250e-36
2.230200000e+00 2.040040890e-36
2.250900000e+00 1.769964160e-36
2.271700000e+00 1.535864490e-36
2.292800000e+00 1.332639360e-36
2.314000000e+00 1.156700250e-36
2.335400000e+00 1.003803610e-36
2.357100000e+00 8.714222500e-37
2.378900000e+00 7.564998529e-37
2.400900000e+00 6.568129936e-37
2.423200000e+00 5.703119361e-37
2.445600000e+00 4.952499876e-37
2.468300000e+00 4.301261056e-37
2.491100000e+00 3.736021129e-37
2.514200000e+00 3.245353024e-37
2.537500000e+00 2.819397604e-37
2.561000000e+00 2.449755025e-37
2.584700000e+00 2.128715044e-37
2.608700000e+00 1.849946121e-37
2.632800000e+00 1.607929801e-37
2.657200000e+00 1.397712996e-37
2.681800000e+00 1.215080164e-37
2.706700000e+00 1.056510016e-37
2.731700000e+00 9.186961000e-38
2.757000000e+00 7.989667560e-38
2.782600000e+00 6.949023210e-38
2.808300000e+00 6.045205690e-38
2.834300000e+00 5.259224890e-38
2.860600000e+00 4.575748810e-38
2.887100000e+00 3.982020250e-38
2.913800000e+00 3.465554560e-38
2.940800000e+00 3.016474240e-38
2.968100000e+00 2.626020250e-38
2.995500000e+00 2.286446410e-38
3.023300000e+00 1.990921000e-38
3.051300000e+00 1.733962240e-38
3.079600000e+00 1.510195210e-38
3.108100000e+00 1.315609000e-38
3.136900000e+00 1.146184360e-38
3.165900000e+00 9.988403364e-39
3.195200000e+00 8.704890000e-39
3.224800000e+00 7.587281025e-39
3.254700000e+00 6.614243584e-39
3.284900000e+00 5.766883600e-39
3.315300000e+00 5.028795396e-39
3.346000000e+00 4.385883076e-39
3.377000000e+00 3.825669904e-39
3.408300000e+00 3.337603984e-39
3.439800000e+00 2.912221225e-39
3.471700000e+00 2.541571396e-39
3.503800000e+00 2.218315801e-39
3.536300000e+00 1.936616049e-39
3.569000000e+00 1.690936641e-39
3.602100000e+00 1.476634329e-39
3.635500000e+00 1.289815396e-39
3.669100000e+00 1.126743489e-39
3.703100000e+00 9.845161290e-40
3.737400000e+00 8.604248890e-40
3.772000000e+00 7.521306250e-40
3.807000000e+00 6.575634490e-40
3.842200000e+00 5.749924410e-40
3.877800000e+00 5.029254760e-40
3.913700000e+00 4.399925760e-40
3.950000000e+00 3.850228840e-40
3.986600000e+00 3.369794490e-40
4.023500000e+00 2.950149760e-40
4.060800000e+00 2.583413290e-40
4.098400000e+00 2.262918490e-40
4.136300000e+00 1.982745610e-40
4.174700000e+00 1.737651240e-40
4.213300000e+00 1.523249640e-40
4.252300000e+00 1.335873640e-40
4.291700000e+00 1.171806250e-40
4.331500000e+00 1.028398810e-40
4.371600000e+00 9.026900100e-41
4.412100000e+00 7.927053156e-41
4.453000000e+00 6.964069401e-41
4.494200000e+00 6.120558756e-41
4.535800000e+00 5.381542881e-41
4.577800000e+00 4.733990416e-41
4.620200000e+00 4.166444304e-41
4.663000000e+00 3.668724900e-41
4.706200000e+00 3.232263609e-41
4.749800000e+00 2.849317641e-41
4.793800000e+00 2.513317689e-41
4.838200000e+00 2.218315801e-41
4.883000000e+00 1.959213169e-41
4.928200000e+00 1.731724996e-41
4.973900000e+00 1.531704769e-41
5.020000000e+00 1.355933329e-41
5.066500000e+00 1.201384921e-41
5.113400000e+00 1.065304321e-41
5.160700000e+00 9.455625000e-42
5.208500000e+00 8.401302250e-42
5.256800000e+00 7.472022250e-42
5.305500000e+00 6.653304360e-42
5.354600000e+00 5.930686090e-42
5.404200000e+00 5.292760360e-42
5.454300000e+00 4.729755040e-42
5.504800000e+00 4.232071840e-42
5.555800000e+00 3.791977290e-42
5.607200000e+00 3.402549160e-42
5.659200000e+00 3.057252250e-42
5.711600000e+00 2.751617440e-42
5.764500000e+00 2.480310010e-42
5.817900000e+00 2.239212960e-42
5.871800000e+00 2.025213610e-42
5.926200000e+00 1.834670250e-42
5.981000000e+00 1.665132160e-42
6.036400000e+00 1.513638090e-42
6.092300000e+00 1.378745640e-42
6.148800000e+00 1.257986560e-42
6.205700000e+00 1.150041760e-42
6.263200000e+00 1.053291690e-42
6.321200000e+00 9.663479809e-43
6.379800000e+00 8.883251001e-43
6.438900000e+00 8.181202500e-43
6.498500000e+00 7.548481924e-43
6.558700000e+00 6.977427961e-43
6.619400000e+00 6.461265924e-43
6.680700000e+00 5.993856400e-43
6.742600000e+00 5.569935424e-43
6.805100000e+00 5.184864036e-43
6.868100000e+00 4.834420900e-43
6.931700000e+00 4.514899249e-43
6.995900000e+00 4.223180196e-43
7.060700000e+00 3.956410000e-43
7.126100000e+00 3.711855625e-43
7.192100000e+00 3.487493025e-43
7.258700000e+00 3.281112961e-43
7.326000000e+00 3.091137604e-43
7.393800000e+00 2.915892001e-43
7.462300000e+00 2.753940484e-43
7.531400000e+00 2.604060900e-43
7.601200000e+00 2.465122500e-43
7.671600000e+00 2.336272225e-43
7.742600000e+00 2.216432241e-43
7.814400000e+00 2.104882641e-43
7.886700000e+00 2.000951824e-43
7.959800000e+00 1.904013225e-43
8.033500000e+00 1.770305625e-43
8.107900000e+00 1.684117444e-43
8.183000000e+00 1.603121521e-43
8.258800000e+00 1.527090084e-43
8.335300000e+00 1.455651409e-43
8.412500000e+00 1.388382121e-43
8.490400000e+00 1.325032801e-43
8.569100000e+00 1.265224900e-43
8.648400000e+00 1.208883361e-43
8.728500000e+00 1.155592036e-43
8.809400000e+00 1.105363009e-43
8.891000000e+00 1.057745529e-43
8.973300000e+00 1.012830625e-43
9.056400000e+00 9.702602010e-44
9.140300000e+00 9.299450250e-44
9.225000000e+00 8.918584960e-44
9.310400000e+00 8.557380090e-44
9.396600000e+00 8.215675690e-44
9.483700000e+00 7.892728360e-44
9.571500000e+00 7.587270250e-44
9.660200000e+00 7.298642560e-44
9.749600000e+00 7.026210490e-44
9.840000000e+00 6.769883610e-44
9.931100000e+00 6.528536010e-44
1.002300000e+01 6.303112360e-44
1.011600000e+01 6.056521000e-44
1.021000000e+01 5.819673760e-44
1.030400000e+01 5.594171040e-44
1.040000000e+01 5.374978560e-44
1.049600000e+01 5.166074410e-44
1.059300000e+01 4.964875240e-44
1.069100000e+01 4.771603360e-44
1.079000000e+01 4.585593960e-44
1.089000000e+01 4.406640640e-44
1.099100000e+01 4.234540840e-44
1.109300000e+01 4.069095840e-44
1.119600000e+01 3.910110760e-44
1.129900000e+01 3.758557690e-44
1.140400000e+01 3.611520160e-44
1.151000000e+01 3.470396410e-44
1.161600000e+01 3.335736960e-44
1.172400000e+01 3.205174090e-44
1.183200000e+01 3.081078090e-44
1.194200000e+01 2.960464360e-44
1.205300000e+01 2.844619560e-44
1.216400000e+01 2.734392960e-44
1.227700000e+01 2.627316810e-44
1.239100000e+01 2.524603210e-44
1.250500000e+01 2.426740840e-44
1.262100000e+01 2.332034410e-44
1.273800000e+01 2.241009000e-44
1.285600000e+01 2.153556250e-44
1.297500000e+01 2.069857690e-44
1.309500000e+01 1.989228160e-44
1.321700000e+01 1.911029760e-44
1.333900000e+01 1.836838090e-44
1.346300000e+01 1.764912250e-44
1.358700000e+01 1.696506250e-44
1.371300000e+01 1.630218240e-44
1.384000000e+01 1.566752890e-44
1.396800000e+01 1.505774410e-44
1.409800000e+01 1.446727840e-44
1.422800000e+01 1.390512640e-44
1.436000000e+01 1.336336000e-44
1.449300000e+01 1.284142240e-44
1.462700000e+01 1.234098810e-44
1.476300000e+01 1.185921000e-44
1.490000000e+01 1.139556250e-44
1.503800000e+01 1.095162250e-44
1.517700000e+01 1.052470810e-44
1.531700000e+01 1.011633640e-44
1.545900000e+01 9.721762801e-45
1.560200000e+01 9.343155600e-45
1.574700000e+01 8.977562500e-45
1.589300000e+01 8.627251689e-45
1.604000000e+01 8.291195136e-45
1.618900000e+01 7.966990564e-45
1.633900000e+01 7.656250000e-45
1.649000000e+01 7.358379961e-45
1.664300000e+01 7.070959921e-45
1.679700000e+01 6.795529225e-45
1.695200000e+01 6.531549124e-45
1.710900000e+01 6.276917529e-45
1.726800000e+01 6.031386244e-45
1.742800000e+01 5.796081424e-45
1.758900000e+01 5.570681769e-45
1.775200000e+01 5.353263556e-45
1.791700000e+01 5.143901841e-45
1.808200000e+01 4.944480489e-45
1.825000000e+01 4.751069184e-45
1.841900000e+01 4.565840041e-45
1.859000000e+01 4.387472644e-45
1.876200000e+01 4.216554225e-45
1.893600000e+01 4.051959025e-45
1.911100000e+01 3.894259216e-45
1.928800000e+01 3.742380625e-45
1.946700000e+01 3.596161024e-45
1.964700000e+01 3.456264100e-45
1.982900000e+01 3.321447424e-45
2.001200000e+01 3.170816100e-45
2.019800000e+01 3.042184336e-45
2.038500000e+01 2.919673156e-45
2.057400000e+01 2.802961249e-45
2.076400000e+01 2.691638161e-45
2.095700000e+01 2.585620801e-45
2.115100000e+01 2.484424336e-45
2.134700000e+01 2.387983689e-45
2.154400000e+01 2.295943056e-45
2.174400000e+01 2.208248064e-45
2.194500000e+01 2.124564649e-45
2.214900000e+01 2.044667524e-45
2.235400000e+01 1.968519424e-45
2.256100000e+01 1.895905764e-45
2.277000000e+01 1.826622121e-45
2.298100000e+01 1.760557681e-45
2.319300000e+01 1.697687209e-45
2.340800000e+01 1.637739961e-45
2.362500000e+01 1.580698564e-45
2.384400000e+01 1.526386761e-45
2.406500000e+01 1.474790409e-45
2.428800000e+01 1.425742081e-45
2.451300000e+01 1.379305321e-45
2.474000000e+01 1.335244681e-45
2.496900000e+01 1.293697024e-45
2.520000000e+01 1.254505561e-45
2.543300000e+01 1.199929600e-45
2.566900000e+01 1.147583376e-45
2.590700000e+01 1.097530641e-45
2.614700000e+01 1.049760000e-45
2.638900000e+01 1.004065969e-45
2.663300000e+01 9.603801000e-46
2.688000000e+01 9.185142490e-46
2.712900000e+01 8.785296000e-46
2.738000000e+01 8.403041440e-46
2.763400000e+01 8.036091040e-46
2.789000000e+01 7.686201760e-46
2.814800000e+01 7.351689960e-46
2.840900000e+01 7.031512890e-46
2.867200000e+01 6.725204890e-46
2.893800000e+01 6.431803210e-46
2.920600000e+01 6.151888090e-46
2.947600000e+01 5.884020490e-46
2.974900000e+01 5.627807290e-46
3.002500000e+01 5.382400000e-46
3.030300000e+01 5.147907210e-46
3.058300000e+01 4.924404810e-46
3.086700000e+01 4.709334010e-46
3.115300000e+01 4.504157290e-46
3.144100000e+01 4.308530490e-46
3.173200000e+01 4.120900000e-46
3.202600000e+01 3.941416090e-46
3.232300000e+01 3.769422250e-46
3.262200000e+01 3.605441440e-46
3.292400000e+01 3.448449000e-46
3.322900000e+01 3.298219210e-46
3.353700000e+01 3.154531210e-46
3.384800000e+01 3.016821610e-46
3.416100000e+01 2.885921440e-46
3.447800000e+01 2.759917690e-46
3.479700000e+01 2.639650090e-46
3.511900000e+01 2.524921000e-46
3.544500000e+01 2.414605210e-46
3.577300000e+01 2.309488090e-46
3.610400000e+01 2.209087690e-46
3.643900000e+01 2.112662250e-46
3.677600000e+01 2.020946560e-46
3.711700000e+01 1.932656040e-46
3.746100000e+01 1.848512160e-46
3.780700000e+01 1.768102090e-46
3.815800000e+01 1.691040160e-46
3.851100000e+01 1.617475240e-46
3.886800000e+01 1.547038440e-46
3.922800000e+01 1.479628960e-46
3.959100000e+01 1.415148160e-46
3.995800000e+01 1.353499560e-46
4.032800000e+01 1.314232960e-46
4.070100000e+01 1.275770250e-46
4.107800000e+01 1.238546410e-46
4.145900000e+01 1.202531560e-46
4.184300000e+01 1.167480250e-46
4.223000000e+01 1.133799040e-46
4.262200000e+01 1.100820640e-46
4.301600000e+01 1.068949210e-46
4.341500000e+01 1.038157210e-46
4.381700000e+01 1.008417640e-46
4.422300000e+01 9.796644484e-47
4.463200000e+01 9.517368249e-47
4.504600000e+01 9.247514896e-47
4.546300000e+01 8.986660804e-47
4.588400000e+01 8.735706225e-47
4.630900000e+01 8.492728336e-47
4.673800000e+01 8.257902129e-47
4.717100000e+01 8.031565161e-47
4.760800000e+01 7.812968881e-47
4.804900000e+01 7.601572969e-47
4.849400000e+01 7.397892121e-47
4.894300000e+01 7.201219600e-47
4.939600000e+01 7.011382756e-47
4.985400000e+01 6.828377956e-47
5.031500000e+01 6.651544249e-47
5.078200000e+01 6.481055025e-47
5.125200000e+01 6.316593529e-47
5.172700000e+01 6.158011729e-47
5.220600000e+01 6.005010064e-47
5.268900000e+01 5.857453156e-47
5.317700000e+01 5.714906409e-47
5.367000000e+01 5.577699856e-47
5.416700000e+01 5.445406849e-47
5.466900000e+01 5.317618084e-47
5.517500000e+01 5.194373184e-47
5.568600000e+01 5.075565049e-47
5.620200000e+01 4.960948356e-47
5.672200000e+01 4.850565316e-47
5.724800000e+01 4.744041129e-47
5.777800000e+01 4.641151876e-47
5.831300000e+01 4.542086025e-47
5.885300000e+01 4.446489124e-47
5.939800000e+01 4.354284169e-47
5.994800000e+01 4.265396100e-47
6.050400000e+01 4.179622500e-47
6.106400000e+01 4.096896049e-47
6.163000000e+01 4.017151161e-47
6.220000000e+01 3.940323984e-47
6.277700000e+01 3.866103684e-47
6.335800000e+01 3.794436801e-47
6.394500000e+01 3.725393296e-47
6.453700000e+01 3.658677169e-47
6.513500000e+01 3.594482116e-47
6.573800000e+01 3.532519225e-47
6.634700000e+01 3.472627041e-47
6.696200000e+01 3.414999844e-47
6.758200000e+01 3.359245681e-47
6.820800000e+01 3.305560036e-47
6.884000000e+01 3.253789764e-47
6.947700000e+01 3.203786404e-47
7.012100000e+01 3.155518276e-47
7.077000000e+01 3.108954564e-47
7.142600000e+01 3.064065316e-47
7.208700000e+01 3.020711521e-47
7.275500000e+01 2.978867241e-47
7.342900000e+01 2.938507264e-47
7.410900000e+01 2.899499409e-47
7.479500000e+01 2.861822016e-47
7.548800000e+01 2.825560336e-47
7.618700000e+01 2.790374976e-47
7.689300000e+01 2.756670016e-47
7.760500000e+01 2.723900481e-47
7.832400000e+01 2.692468321e-47
7.904900000e+01 2.662044025e-47
7.978100000e+01 2.632613481e-47
8.052000000e+01 2.604367089e-47
8.126600000e+01 2.576882169e-47
8.201900000e+01 2.550553009e-47
8.277900000e+01 2.524962001e-47
8.354500000e+01 2.500300009e-47
8.431900000e+01 2.476654756e-47
8.510000000e+01 2.453617156e-47
8.588800000e+01 2.431476100e-47
8.668400000e+01 2.410122649e-47
8.748700000e+01 2.389449924e-47
8.829700000e+01 2.369547684e-47
8.911500000e+01 2.350407361e-47
8.994000000e+01 2.331827521e-47
9.077300000e+01 2.313898609e-47
9.161400000e+01 2.296613929e-47
9.246300000e+01 2.279967001e-47
9.331900000e+01 2.263856400e-47
9.418300000e+01 2.248466724e-47
9.505600000e+01 2.233507600e-47
9.593600000e+01 2.219069449e-47
9.682500000e+01 2.205241600e-47
9.772100000e+01 2.191831489e-47
9.862700000e+01 2.178929041e-47
9.954000000e+01 2.166623209e-47
1.004600000e+02 2.171653201e-47
1.013900000e+02 2.158810369e-47
1.023300000e+02 2.146376241e-47
1.032800000e+02 2.134440000e-47
1.042400000e+02 2.122905625e-47
1.052000000e+02 2.111770116e-47
1.061800000e+02 2.101030569e-47
1.071600000e+02 2.090684176e-47
1.081500000e+02 2.080728225e-47
1.091500000e+02 2.071251121e-47
1.101600000e+02 2.061977281e-47
1.111800000e+02 2.053086721e-47
1.122100000e+02 2.044577089e-47
1.132500000e+02 2.036355876e-47
1.143000000e+02 2.028511521e-47
1.153600000e+02 2.020952025e-47
1.164300000e+02 2.013675876e-47
1.175100000e+02 2.006771209e-47
1.186000000e+02 2.000057284e-47
1.197000000e+02 1.993711801e-47
1.208000000e+02 1.987554724e-47
1.219200000e+02 1.981763289e-47
1.230500000e+02 1.976247025e-47
1.241900000e+02 1.971004816e-47
1.253400000e+02 1.965946921e-47
1.265000000e+02 1.961249796e-47
1.276800000e+02 1.956735225e-47
1.288600000e+02 1.952579344e-47
1.300500000e+02 1.948604449e-47
1.312600000e+02 1.944810000e-47
1.324700000e+02 1.941371721e-47
1.337000000e+02 1.938200625e-47
1.349400000e+02 1.935208081e-47
1.361900000e+02 1.932569521e-47
1.374500000e+02 1.930196356e-47
1.387200000e+02 1.928000281e-47
1.400100000e+02 1.926068769e-47
1.413000000e+02 1.924576900e-47
1.426100000e+02 1.923261025e-47
1.439300000e+02 1.922208649e-47
1.452700000e+02 1.921507225e-47
1.466100000e+02 1.921244224e-47
1.479700000e+02 1.921244224e-47
1.493400000e+02 1.921682569e-47
1.507200000e+02 1.922559409e-47
1.521200000e+02 1.923875044e-47
1.535300000e+02 1.925805456e-47
1.549500000e+02 1.928351569e-47
1.563800000e+02 1.931778304e-47
1.578300000e+02 1.936088001e-47
1.593000000e+02 1.941107364e-47
1.607700000e+02 1.948163044e-47
1.622600000e+02 1.944016281e-47
1.637600000e+02 1.939962025e-47
1.652800000e+02 1.935824004e-47
1.668100000e+02 1.931778304e-47
1.683600000e+02 1.927649025e-47
1.699100000e+02 1.923611881e-47
1.714900000e+02 1.919578969e-47
1.730800000e+02 1.915550289e-47
1.746800000e+02 1.911525841e-47
1.763000000e+02 1.907418276e-47
1.779300000e+02 1.903402384e-47
1.795800000e+02 1.899390724e-47
1.812400000e+02 1.895383296e-47
1.829200000e+02 1.891467081e-47
1.846100000e+02 1.887468025e-47
1.863200000e+02 1.883473201e-47
1.880500000e+02 1.879482609e-47
1.897900000e+02 1.875582864e-47
1.915500000e+02 1.871600644e-47
1.933200000e+02 1.867622656e-47
1.951100000e+02 1.863735241e-47
1.969200000e+02 1.859765625e-47
1.987500000e+02 1.855886400e-47
2.005900000e+02 1.862440336e-47
2.024400000e+02 1.868659984e-47
2.043200000e+02 1.874803401e-47
2.062100000e+02 1.880783424e-47
2.081200000e+02 1.886772969e-47
2.100500000e+02 1.892772036e-47
2.120000000e+02 1.898606329e-47
2.139600000e+02 1.904536881e-47
2.159400000e+02 1.910476681e-47
2.179400000e+02 1.916513284e-47
2.199600000e+02 1.922647104e-47
2.220000000e+02 1.928790724e-47
2.240500000e+02 1.935120100e-47
2.261300000e+02 1.941547969e-47
2.282200000e+02 1.948074769e-47
2.303400000e+02 1.954700944e-47
2.324700000e+02 1.961426944e-47
2.346200000e+02 1.968341956e-47
2.368000000e+02 1.975535809e-47
2.389900000e+02 1.982653729e-47
2.412000000e+02 1.990141321e-47
2.434400000e+02 1.997732416e-47
2.456900000e+02 2.005427524e-47
2.479700000e+02 2.013406641e-47
2.502600000e+02 2.021491521e-47
2.525800000e+02 2.029772809e-47
2.549200000e+02 2.038341904e-47
2.572800000e+02 2.046929049e-47
2.596700000e+02 2.055896964e-47
2.620700000e+02 2.064975364e-47
2.645000000e+02 2.074347025e-47
2.669500000e+02 2.083831201e-47
2.694200000e+02 2.093520025e-47
2.719200000e+02 2.103506496e-47
2.744300000e+02 2.113792576e-47
2.769800000e+02 2.124195921e-47
2.795400000e+02 2.134902025e-47
2.821300000e+02 2.145820329e-47
2.847400000e+02 2.156952249e-47
2.873800000e+02 2.168392356e-47
2.900400000e+02 2.180142864e-47
2.927300000e+02 2.192018761e-47
2.954400000e+02 2.204302500e-47
2.981800000e+02 2.216808889e-47
3.009400000e+02 2.235398400e-47
3.037300000e+02 2.248182225e-47
3.065400000e+02 2.261382916e-47
3.093800000e+02 2.274813025e-47
3.122400000e+02 2.288569921e-47
3.151400000e+02 2.302656196e-47
3.180600000e+02 2.316978225e-47
3.210000000e+02 2.331730944e-47
3.239700000e+02 2.346821136e-47
3.269700000e+02 2.362251609e-47
3.300000000e+02 2.378122756e-47
3.330600000e+02 2.394242761e-47
3.361400000e+02 2.410810000e-47
3.392600000e+02 2.427729984e-47
3.424000000e+02 2.445104704e-47
3.455700000e+02 2.462839129e-47
3.487700000e+02 2.481036100e-47
3.520000000e+02 2.499700009e-47
3.552600000e+02 2.518935721e-47
3.585500000e+02 2.538648225e-47
3.618700000e+02 2.558842225e-47
3.652300000e+02 2.579827264e-47
3.686100000e+02 2.601408016e-47
3.720200000e+02 2.624000625e-47
3.754700000e+02 2.647514116e-47
3.789500000e+02 2.672476416e-47
3.824600000e+02 2.699425936e-47
3.860000000e+02 2.729122081e-47
3.895700000e+02 2.763604900e-47
3.931800000e+02 2.806774441e-47
3.968200000e+02 2.869102096e-47
4.005000000e+02 2.983890625e-47
4.042100000e+02 3.009290449e-47
4.079500000e+02 3.034908100e-47
4.117300000e+02 3.060744976e-47
4.155500000e+02 3.086913600e-47
4.193900000e+02 3.113082025e-47
4.232800000e+02 3.039978496e-47
4.272000000e+02 3.027860676e-47
4.311600000e+02 3.036561025e-47
4.351500000e+02 3.054330756e-47
4.391800000e+02 3.076920900e-47
4.432500000e+02 3.102378601e-47
4.473500000e+02 3.129843025e-47
4.515000000e+02 3.158777209e-47
4.556800000e+02 3.188973841e-47
4.599000000e+02 3.220108516e-47
4.641600000e+02 3.252192784e-47
4.684600000e+02 3.285009225e-47
4.728000000e+02 3.318796881e-47
4.771800000e+02 3.353220649e-47
4.816000000e+02 3.388520521e-47
4.860600000e+02 3.424590400e-47
4.905600000e+02 3.461439556e-47
4.951000000e+02 3.498959104e-47
4.996900000e+02 3.537275625e-47
5.043200000e+02 3.576398809e-47
5.089900000e+02 3.616218225e-47
5.137000000e+02 3.656983729e-47
5.184600000e+02 3.698464225e-47
5.232600000e+02 3.740790244e-47
5.281100000e+02 3.783849169e-47
5.330000000e+02 3.827896900e-47
5.379400000e+02 3.872697361e-47
5.429200000e+02 3.918384409e-47
5.479500000e+02 3.964969024e-47
5.530200000e+02 4.012462336e-47
5.581400000e+02 4.061003076e-47
5.633100000e+02 4.110348544e-47
5.685300000e+02 4.160637009e-47
5.738000000e+02 4.211880201e-47
5.791100000e+02 4.264090000e-47
5.844800000e+02 4.317409849e-47
5.898900000e+02 4.371722161e-47
5.953500000e+02 4.427039296e-47
6.008700000e+02 4.483373764e-47
6.064300000e+02 4.540872996e-47
6.120500000e+02 4.599416761e-47
6.177200000e+02 4.659154564e-47
6.234400000e+02 4.719964804e-47
6.292100000e+02 4.781999104e-47
6.350400000e+02 4.845134449e-47
6.409200000e+02 4.909524624e-47
6.468600000e+02 4.975186225e-47
6.528500000e+02 5.042136064e-47
6.589000000e+02 5.110248196e-47
6.650000000e+02 5.179824841e-47
6.711600000e+02 5.250886369e-47
6.773800000e+02 5.323161600e-47
6.836500000e+02 5.397106225e-47
6.899800000e+02 5.472744484e-47
6.963700000e+02 5.550250000e-47
7.028200000e+02 5.630251225e-47
7.093300000e+02 5.713848100e-47
7.159000000e+02 5.805525636e-47
7.225300000e+02 5.928076036e-47
7.292300000e+02 6.001755841e-47
7.359800000e+02 6.076358401e-47
7.428000000e+02 6.151735489e-47
7.496800000e+02 6.228208561e-47
7.566200000e+02 6.308489476e-47
7.636300000e+02 6.396160576e-47
7.707000000e+02 6.487658116e-47
7.778400000e+02 6.581914641e-47
7.850500000e+02 6.678158400e-47
7.923200000e+02 6.776747041e-47
7.996600000e+02 6.877053184e-47
8.070600000e+02 6.979599936e-47
8.145400000e+02 7.083915556e-47
8.220800000e+02 7.190361616e-47
8.297000000e+02 7.298968356e-47
8.373800000e+02 7.409422084e-47
8.451400000e+02 7.522092900e-47
8.529600000e+02 7.636837321e-47
8.608600000e+02 7.753683025e-47
8.688400000e+02 7.872835441e-47
8.768900000e+02 7.994148100e-47
8.850100000e+02 8.117829801e-47
8.932000000e+02 8.243732025e-47
9.014800000e+02 8.372067001e-47
9.098300000e+02 8.502868521e-47
9.182500000e+02 8.635984900e-47
9.267600000e+02 8.771633649e-47
9.353400000e+02 8.909849664e-47
9.440100000e+02 9.050668225e-47
9.527500000e+02 9.194124996e-47
9.615700000e+02 9.340449316e-47
9.704800000e+02 9.489292569e-47
9.794700000e+02 9.640883344e-47
9.885400000e+02 9.795456784e-47
9.977000000e+02 9.952855696e-47
1.006900000e+03 1.011231360e-46
1.016300000e+03 1.027587690e-46
1.025700000e+03 1.044279610e-46
1.035200000e+03 1.061312040e-46
1.044800000e+03 1.104811210e-46
1.054400000e+03 1.096209000e-46
1.064200000e+03 1.114080250e-46
1.074100000e+03 1.132308810e-46
1.084000000e+03 1.150899840e-46
1.094100000e+03 1.169858560e-46
1.104200000e+03 1.189190250e-46
1.114400000e+03 1.208900250e-46
1.124700000e+03 1.229215690e-46
1.135200000e+03 1.250371240e-46
1.145700000e+03 1.279839690e-46
1.156300000e+03 1.300284090e-46
1.167000000e+03 1.313774440e-46
1.177800000e+03 1.334949160e-46
1.188700000e+03 1.357225000e-46
1.199700000e+03 1.379920090e-46
1.210800000e+03 1.403040250e-46
1.222000000e+03 1.426830250e-46
1.233400000e+03 1.450820250e-46
1.244800000e+03 1.475496090e-46
1.256300000e+03 1.500380010e-46
1.268000000e+03 1.525719040e-46
1.279700000e+03 1.551768490e-46
1.291500000e+03 1.578289690e-46
1.303500000e+03 1.605035610e-46
1.315600000e+03 1.632517290e-46
1.327800000e+03 1.660489960e-46
1.340100000e+03 1.688960160e-46
1.352500000e+03 1.717934490e-46
1.365000000e+03 1.747419610e-46
1.377700000e+03 1.777422240e-46
1.390400000e+03 1.808218090e-46
1.403300000e+03 1.839278440e-46
1.416300000e+03 1.871150410e-46
1.429400000e+03 1.903572090e-46
1.442600000e+03 1.936550560e-46
1.456000000e+03 1.970092960e-46
1.469500000e+03 2.004489640e-46
1.483100000e+03 2.039184000e-46
1.496800000e+03 2.074752160e-46
1.510700000e+03 2.110918410e-46
1.524700000e+03 2.147983360e-46
1.538800000e+03 2.185370890e-46
1.553100000e+03 2.223677440e-46
1.567500000e+03 2.262617640e-46
1.582000000e+03 2.302199290e-46
1.596600000e+03 2.342736360e-46
1.611400000e+03 2.383936000e-46
1.626300000e+03 2.425806250e-46
1.641400000e+03 2.468669440e-46
1.656600000e+03 2.513176090e-46
1.671900000e+03 2.565763240e-46
1.687400000e+03 2.601769000e-46
1.703100000e+03 2.647779840e-46
1.718800000e+03 2.694522250e-46
1.734800000e+03 2.742004810e-46
1.750800000e+03 2.790904360e-46
1.767000000e+03 2.840236090e-46
1.783400000e+03 2.890680040e-46
1.799900000e+03 2.942254090e-46
1.816600000e+03 2.994284160e-46
1.833400000e+03 3.047817640e-46
1.850400000e+03 3.102177690e-46
1.867500000e+03 3.157373610e-46
1.884800000e+03 3.213773290e-46
1.902300000e+03 3.271033960e-46
1.919900000e+03 3.329530090e-46
1.937700000e+03 3.389281000e-46
1.955700000e+03 3.449934760e-46
1.973800000e+03 3.511501210e-46
1.992000000e+03 3.574746490e-46
2.010500000e+03 3.639319290e-46
2.029100000e+03 3.704085160e-46
2.047900000e+03 3.770587240e-46
2.066900000e+03 3.838464640e-46
2.086000000e+03 3.907342890e-46
2.105300000e+03 3.977631360e-46
2.124800000e+03 4.049351290e-46
2.144500000e+03 4.122524160e-46
2.164400000e+03 4.196761960e-46
2.184400000e+03 4.272489000e-46
2.204700000e+03 4.349310250e-46
2.225100000e+03 4.428078490e-46
2.245700000e+03 4.507978240e-46
2.266500000e+03 4.589877760e-46
2.287500000e+03 4.679866890e-46
2.308700000e+03 4.757197210e-46
2.330100000e+03 4.843520640e-46
2.351600000e+03 4.931064360e-46
2.373400000e+03 5.020288360e-46
2.395400000e+03 5.111668810e-46
2.417600000e+03 5.204329690e-46
2.440000000e+03 5.298743610e-46
2.462600000e+03 5.394935290e-46
2.485400000e+03 5.492929690e-46
2.508400000e+03 5.592752010e-46
2.531600000e+03 5.694427690e-46
2.555100000e+03 5.797982410e-46
2.578800000e+03 5.903442090e-46
2.602600000e+03 6.010832890e-46
2.626800000e+03 6.120676000e-46
2.651100000e+03 6.232012960e-46
2.675600000e+03 6.345864810e-46
2.700400000e+03 6.461255610e-46
2.725400000e+03 6.579225000e-46
2.750700000e+03 6.699296890e-46
2.776200000e+03 6.821499240e-46
2.801900000e+03 6.946387360e-46
2.827800000e+03 7.072940250e-46
2.854000000e+03 7.202245690e-46
2.880400000e+03 7.333805610e-46
2.907100000e+03 7.468195840e-46
2.934000000e+03 7.604909290e-46
2.961200000e+03 7.743975840e-46
2.988700000e+03 7.885987240e-46
3.016300000e+03 8.030989210e-46
3.044300000e+03 8.177312160e-46
3.072500000e+03 8.326687360e-46
3.100900000e+03 8.479744000e-46
3.129600000e+03 8.634782250e-46
3.158600000e+03 8.793004090e-46
3.187900000e+03 8.954457760e-46
3.217400000e+03 9.118588090e-46
3.247200000e+03 9.286037290e-46
3.277300000e+03 9.456855040e-46
3.307600000e+03 9.630470890e-46
3.338300000e+03 9.806918560e-46
3.369200000e+03 9.987496090e-46
3.400400000e+03 1.017099664e-45
3.431900000e+03 1.035745489e-45
3.463700000e+03 1.054820484e-45
3.495800000e+03 1.074200625e-45
3.528200000e+03 1.093955625e-45
3.560800000e+03 1.114090884e-45
3.593800000e+03 1.134611856e-45
3.627100000e+03 1.155456064e-45
3.660700000e+03 1.176695809e-45
3.694600000e+03 1.198405924e-45
3.728800000e+03 1.220454225e-45
3.763400000e+03 1.242915025e-45
3.798200000e+03 1.265865241e-45
3.833400000e+03 1.291396096e-45
3.868900000e+03 1.312902756e-45
3.904700000e+03 1.337072356e-45
3.940900000e+03 1.361757604e-45
3.977400000e+03 1.386892081e-45
4.014200000e+03 1.412406724e-45
4.051400000e+03 1.438457329e-45
4.088900000e+03 1.465052176e-45
4.126800000e+03 1.492045129e-45
4.165000000e+03 1.519596324e-45
4.203600000e+03 1.547635600e-45
4.242600000e+03 1.576169401e-45
4.281900000e+03 1.605284356e-45
4.321500000e+03 1.634908356e-45
4.361500000e+03 1.665129636e-45
4.401900000e+03 1.695874761e-45
4.442700000e+03 1.727233600e-45
4.483900000e+03 1.759131364e-45
4.525400000e+03 1.791574929e-45
4.567300000e+03 1.824742089e-45
4.609600000e+03 1.858472100e-45
4.652300000e+03 1.892772036e-45
4.695400000e+03 1.927824649e-45
4.738900000e+03 1.963464721e-45
4.782800000e+03 1.999699524e-45
4.827100000e+03 2.036716900e-45
4.871800000e+03 2.074347025e-45
4.916900000e+03 2.112781225e-45
4.962400000e+03 2.151846544e-45
5.008400000e+03 2.191644225e-45
5.054800000e+03 2.232184516e-45
5.101600000e+03 2.273477761e-45
5.148900000e+03 2.315534400e-45
5.196600000e+03 2.358462096e-45
5.244700000e+03 2.402078121e-45
5.293300000e+03 2.446588369e-45
5.342300000e+03 2.491906561e-45
5.391800000e+03 2.538043641e-45
5.441700000e+03 2.585010649e-45
5.492100000e+03 2.632921344e-45
5.543000000e+03 2.681686225e-45
5.594300000e+03 2.731316644e-45
5.646100000e+03 2.781929536e-45
5.698400000e+03 2.833432900e-45
5.751200000e+03 2.885945841e-45
5.804500000e+03 2.939374656e-45
5.858200000e+03 2.993840656e-45
5.912500000e+03 3.049358841e-45
5.967300000e+03 3.105832900e-45
6.022500000e+03 3.163500025e-45
6.078300000e+03 3.222038169e-45
6.134600000e+03 3.281800369e-45
6.191400000e+03 3.342689856e-45
6.248800000e+03 3.404605801e-45
6.306700000e+03 3.467796544e-45
6.365100000e+03 3.532043761e-45
6.424000000e+03 3.597600400e-45
6.483500000e+03 3.664244089e-45
6.543600000e+03 3.732232464e-45
6.604200000e+03 3.801462336e-45
6.665400000e+03 3.871950625e-45
6.727100000e+03 3.943840000e-45
6.789400000e+03 4.016897641e-45
6.852300000e+03 4.091521225e-45
6.915800000e+03 4.167477136e-45
6.979800000e+03 4.244652801e-45
7.044500000e+03 4.323457009e-45
7.109700000e+03 4.403649600e-45
7.175600000e+03 4.485382729e-45
7.242000000e+03 4.568678464e-45
7.309100000e+03 4.653422656e-45
7.376800000e+03 4.739771716e-45
7.445100000e+03 4.827748324e-45
7.514100000e+03 4.917375376e-45
7.583700000e+03 5.008675984e-45
7.653900000e+03 5.101673476e-45
7.724800000e+03 5.196391396e-45
7.796400000e+03 5.292853504e-45
7.868600000e+03 5.391083776e-45
7.941500000e+03 5.491254609e-45
8.015000000e+03 5.593244944e-45
8.089200000e+03 5.697079441e-45
8.164200000e+03 5.802782976e-45
8.239800000e+03 5.910534400e-45
8.316100000e+03 6.020363281e-45
8.393100000e+03 6.132142864e-45
8.470900000e+03 6.246057024e-45
8.549300000e+03 6.361976644e-45
8.628500000e+03 6.480250000e-45
8.708400000e+03 6.600587536e-45
8.789100000e+03 6.723180025e-45
8.870500000e+03 6.848059009e-45
8.952700000e+03 6.975256324e-45
9.035600000e+03 7.104804100e-45
9.119300000e+03 7.236904900e-45
9.203700000e+03 7.371252736e-45
9.289000000e+03 7.508222500e-45
9.375000000e+03 7.647677401e-45
9.461800000e+03 7.789827600e-45
9.549500000e+03 7.934533776e-45
9.637900000e+03 8.082010000e-45
9.727200000e+03 8.232114361e-45
9.817300000e+03 8.385064900e-45
9.908200000e+03 8.540901889e-45
1.000000000e+04 8.699665984e-45
