5.000000000e+00 3.998000250e-40
5.011500000e+00 3.786916000e-40
5.023100000e+00 3.587236000e-40
5.034700000e+00 3.398492250e-40
5.046300000e+00 3.219871360e-40
5.057900000e+00 3.050960890e-40
5.069600000e+00 2.891020090e-40
5.081300000e+00 2.739687040e-40
5.093000000e+00 2.596609960e-40
5.104700000e+00 2.461447210e-40
5.116500000e+00 2.333256250e-40
5.128300000e+00 2.211763840e-40
5.140100000e+00 2.096993610e-40
5.152000000e+00 1.988382010e-40
5.163900000e+00 1.885678240e-40
5.175800000e+00 1.788103840e-40
5.187700000e+00 1.695985290e-40
5.199700000e+00 1.608584890e-40
5.211700000e+00 1.525719040e-40
5.223700000e+00 1.447449610e-40
5.235700000e+00 1.373115240e-40
5.247800000e+00 1.302793960e-40
5.259900000e+00 1.236321610e-40
5.272000000e+00 1.173105610e-40
5.284200000e+00 1.113236010e-40
5.296400000e+00 1.056578410e-40
5.308600000e+00 1.003002250e-40
5.320800000e+00 9.520295184e-41
5.333100000e+00 9.037544356e-41
5.345400000e+00 8.580131641e-41
5.357700000e+00 8.146506564e-41
5.370100000e+00 7.735202500e-41
5.382500000e+00 7.345347025e-41
5.394900000e+00 6.975590400e-41
5.407300000e+00 6.624983236e-41
5.419800000e+00 6.292455625e-41
5.432300000e+00 5.976990721e-41
5.444800000e+00 5.677773201e-41
5.457400000e+00 5.394021136e-41
5.469900000e+00 5.124698569e-41
5.482600000e+00 4.869248400e-41
5.495200000e+00 4.626856441e-41
5.507900000e+00 4.396883481e-41
5.520600000e+00 4.178588164e-41
5.533300000e+00 3.971394361e-41
5.546100000e+00 3.774750721e-41
5.558900000e+00 3.588129801e-41
5.571700000e+00 3.410910409e-41
5.584500000e+00 3.242733025e-41
5.597400000e+00 3.083136676e-41
5.610300000e+00 2.931464449e-41
5.623200000e+00 2.787523209e-41
5.636200000e+00 2.650808196e-41
5.649200000e+00 2.521044100e-41
5.662200000e+00 2.397767089e-41
5.675300000e+00 2.280635536e-41
5.688400000e+00 2.169416929e-41
5.701500000e+00 2.063703184e-41
5.714600000e+00 1.963376100e-41
5.727800000e+00 1.867968400e-41
5.741000000e+00 1.777381281e-41
5.754300000e+00 1.691265625e-41
5.767500000e+00 1.609453924e-41
5.780800000e+00 1.531704769e-41
5.794200000e+00 1.457788761e-41
5.807500000e+00 1.387562500e-41
5.820900000e+00 1.320813649e-41
5.834300000e+00 1.257411600e-41
5.847800000e+00 1.197090801e-41
5.861300000e+00 1.139737600e-41
5.874800000e+00 1.085241249e-41
5.888400000e+00 1.033365316e-41
5.901900000e+00 9.840769000e-42
5.915500000e+00 9.372169960e-42
5.929200000e+00 8.926351290e-42
5.942900000e+00 8.502472810e-42
5.956600000e+00 8.099146810e-42
5.970300000e+00 7.715617290e-42
5.984100000e+00 7.350605440e-42
5.997900000e+00 7.003962250e-42
6.011700000e+00 6.673438890e-42
6.025600000e+00 6.359475240e-42
6.039400000e+00 6.060459240e-42
6.053400000e+00 5.776331560e-42
6.067300000e+00 5.505592960e-42
6.081300000e+00 5.247764640e-42
6.095400000e+00 5.002826890e-42
6.109400000e+00 4.769419210e-42
6.123500000e+00 4.547556250e-42
6.137600000e+00 4.335973290e-42
6.151800000e+00 4.134715560e-42
6.166000000e+00 3.943401640e-42
6.180200000e+00 3.760884490e-42
6.194400000e+00 3.587236000e-42
6.208700000e+00 3.421760040e-42
6.223000000e+00 3.264526240e-42
6.237400000e+00 3.114519040e-42
6.251800000e+00 2.971486440e-42
6.266200000e+00 2.835519210e-42
6.280600000e+00 2.706025000e-42
6.295100000e+00 2.582770410e-42
6.309600000e+00 2.465214010e-42
6.324200000e+00 2.353156000e-42
6.338800000e+00 2.246401440e-42
6.353400000e+00 2.144760250e-42
6.368000000e+00 2.047761000e-42
6.382700000e+00 1.955522560e-42
6.397400000e+00 1.867595560e-42
6.412200000e+00 1.783827360e-42
6.427000000e+00 1.703808090e-42
6.441800000e+00 1.627665640e-42
6.456600000e+00 1.555258410e-42
6.471500000e+00 1.485961000e-42
6.486500000e+00 1.419910560e-42
6.501400000e+00 1.357225000e-42
6.516400000e+00 1.297093210e-42
6.531400000e+00 1.239882250e-42
6.546500000e+00 1.185485440e-42
6.561600000e+00 1.133373160e-42
6.576700000e+00 1.083889210e-42
6.591900000e+00 1.036527610e-42
6.607100000e+00 9.914583184e-43
6.622300000e+00 9.484422544e-43
6.637600000e+00 9.073896049e-43
6.652900000e+00 8.682326041e-43
6.668200000e+00 8.308687104e-43
6.683600000e+00 7.952180625e-43
6.699000000e+00 7.612039009e-43
6.714500000e+00 7.287524689e-43
6.730000000e+00 6.977762089e-43
6.745500000e+00 6.682081536e-43
6.761000000e+00 6.399840001e-43
6.776600000e+00 6.130576804e-43
6.792300000e+00 5.873383044e-43
6.807900000e+00 5.627850361e-43
6.823600000e+00 5.393580481e-43
6.839400000e+00 5.169753801e-43
6.855100000e+00 4.956160000e-43
6.870900000e+00 4.752034225e-43
6.886800000e+00 4.557195049e-43
6.902700000e+00 4.371060996e-43
6.918600000e+00 4.193339536e-43
6.934500000e+00 4.023491761e-43
6.950500000e+00 3.861255321e-43
6.966600000e+00 3.706252641e-43
6.982600000e+00 3.558241801e-43
6.998700000e+00 3.416753209e-43
7.014900000e+00 3.281456656e-43
7.031000000e+00 3.152261025e-43
7.047300000e+00 3.028741156e-43
7.063500000e+00 2.910710401e-43
7.079800000e+00 2.797881025e-43
7.096100000e+00 2.690081956e-43
7.112500000e+00 2.586943044e-43
7.128900000e+00 2.488313689e-43
7.145300000e+00 2.394047041e-43
7.161800000e+00 2.303904001e-43
7.178300000e+00 2.217656464e-43
7.194900000e+00 2.135179264e-43
7.211500000e+00 2.056259716e-43
7.228100000e+00 1.980784036e-43
7.244800000e+00 1.908641344e-43
7.261500000e+00 1.839552100e-43
7.278200000e+00 1.773420544e-43
7.295000000e+00 1.710236025e-43
7.311800000e+00 1.649659456e-43
7.328700000e+00 1.591770609e-43
7.345600000e+00 1.536326416e-43
7.362500000e+00 1.483251169e-43
7.379500000e+00 1.432395409e-43
7.396500000e+00 1.383765601e-43
7.413600000e+00 1.337145489e-43
7.430700000e+00 1.292546304e-43
7.447800000e+00 1.249834609e-43
7.465000000e+00 1.208883361e-43
7.482200000e+00 1.169708401e-43
7.499400000e+00 1.132187904e-43
7.516700000e+00 1.096205881e-43
7.534100000e+00 1.061782225e-43
7.551400000e+00 1.028741476e-43
7.568900000e+00 9.971069290e-44
7.586300000e+00 9.667746490e-44
7.603800000e+00 9.377681290e-44
7.621300000e+00 9.099272250e-44
7.638900000e+00 8.832189610e-44
7.656500000e+00 8.576112250e-44
7.674200000e+00 8.331304960e-44
7.691900000e+00 8.096301160e-44
7.709600000e+00 7.870830250e-44
7.727400000e+00 7.654628890e-44
7.745200000e+00 7.447986810e-44
7.763100000e+00 7.249017760e-44
7.781000000e+00 7.058586240e-44
7.798900000e+00 6.876457290e-44
7.816900000e+00 6.701367690e-44
7.834900000e+00 6.533647210e-44
7.853000000e+00 6.372595360e-44
7.871100000e+00 6.218539690e-44
7.889300000e+00 6.070803210e-44
7.907400000e+00 5.928738010e-44
7.925700000e+00 5.793167610e-44
7.944000000e+00 5.662972090e-44
7.962300000e+00 5.538020890e-44
7.980600000e+00 5.418652840e-44
7.999000000e+00 5.304269610e-44
8.017500000e+00 5.194752640e-44
8.036000000e+00 5.089536000e-44
8.054500000e+00 4.989415690e-44
8.073100000e+00 4.892944000e-44
8.091700000e+00 4.801357440e-44
8.110400000e+00 4.713241000e-44
8.129100000e+00 4.629382560e-44
8.147800000e+00 4.549262410e-44
8.166600000e+00 4.472802010e-44
8.185400000e+00 4.399506250e-44
8.204300000e+00 4.330144810e-44
8.223200000e+00 4.263812010e-44
8.242200000e+00 4.200860160e-44
8.261200000e+00 4.141225000e-44
8.280200000e+00 4.084441000e-44
8.299300000e+00 4.030859290e-44
8.318500000e+00 3.980424010e-44
8.337700000e+00 3.932289000e-44
8.356900000e+00 3.887600890e-44
8.376200000e+00 3.845521000e-44
8.395500000e+00 3.806010810e-44
8.414800000e+00 3.769422250e-44
8.434200000e+00 3.735329290e-44
8.453700000e+00 3.704470090e-44
8.473200000e+00 3.675655840e-44
8.492700000e+00 3.650010250e-44
8.512300000e+00 3.626739360e-44
8.531900000e+00 3.606201000e-44
8.551600000e+00 3.588751360e-44
8.571300000e+00 3.573612160e-44
8.591100000e+00 3.561523840e-44
8.610900000e+00 3.552471040e-44
8.630800000e+00 3.546065610e-44
8.650700000e+00 3.542676840e-44
8.670600000e+00 3.542300410e-44
8.690600000e+00 3.545312410e-44
8.710600000e+00 3.551717160e-44
8.730700000e+00 3.561523840e-44
8.750900000e+00 3.575124640e-44
8.771000000e+00 3.592541160e-44
8.791300000e+00 3.613801000e-44
8.811500000e+00 3.639700840e-44
8.831900000e+00 3.669906490e-44
8.852200000e+00 3.705240010e-44
8.872600000e+00 3.745773160e-44
8.893100000e+00 3.791977290e-44
8.913600000e+00 3.844344490e-44
8.934200000e+00 3.903390490e-44
8.954800000e+00 3.970056250e-44
8.975400000e+00 4.044121000e-44
8.996100000e+00 4.127398560e-44
9.016900000e+00 4.220559360e-44
9.037700000e+00 4.324320250e-44
9.058500000e+00 4.440713290e-44
9.079400000e+00 4.570188840e-44
9.100300000e+00 4.714977960e-44
9.121300000e+00 4.877472250e-44
9.142300000e+00 5.059350490e-44
9.163400000e+00 5.263812490e-44
9.184600000e+00 5.494804810e-44
9.205700000e+00 5.755680810e-44
9.227000000e+00 6.051600000e-44
9.248200000e+00 6.389267290e-44
9.269600000e+00 6.776129610e-44
9.290900000e+00 7.221581290e-44
9.312400000e+00 7.737854890e-44
9.333800000e+00 8.339966410e-44
9.355400000e+00 9.048665610e-44
9.376900000e+00 9.889767040e-44
9.398600000e+00 1.089858169e-43
9.420200000e+00 1.212293124e-43
9.442000000e+00 1.362791056e-43
9.463700000e+00 1.550941924e-43
9.485600000e+00 1.790389969e-43
9.507400000e+00 2.102039104e-43
9.529400000e+00 2.518333489e-43
9.551300000e+00 3.093028225e-43
9.573400000e+00 3.919260816e-43
9.595400000e+00 5.171191921e-43
9.617600000e+00 7.206312100e-43
9.639700000e+00 1.085972410e-42
9.662000000e+00 1.847424640e-42
9.684200000e+00 3.899045160e-42
9.706600000e+00 1.351738756e-41
9.729000000e+00 9.405262240e-40
9.751400000e+00 2.236344100e-41
9.773900000e+00 4.727145640e-42
9.796400000e+00 1.969531560e-42
9.819000000e+00 1.065024000e-42
9.841700000e+00 6.620914161e-43
9.864300000e+00 4.491412324e-43
9.887100000e+00 3.234993129e-43
9.909900000e+00 2.434435600e-43
9.932700000e+00 1.894425625e-43
9.955700000e+00 1.513832464e-43
9.978600000e+00 1.236084964e-43
1.000200000e+01 1.027523025e-43
1.002500000e+01 8.671847040e-44
1.004800000e+01 7.414184410e-44
1.007100000e+01 6.410517610e-44
1.009400000e+01 5.597956000e-44
1.011700000e+01 4.931508490e-44
1.014100000e+01 4.378556250e-44
1.016400000e+01 3.914857960e-44
1.018800000e+01 3.522378240e-44
1.021100000e+01 3.188010250e-44
1.023500000e+01 2.900209000e-44
1.025800000e+01 2.651360890e-44
1.028200000e+01 2.434536090e-44
1.030600000e+01 2.244603240e-44
1.032900000e+01 2.077345690e-44
1.035300000e+01 1.929321000e-44
1.037700000e+01 1.797744640e-44
1.040100000e+01 1.680134440e-44
1.042500000e+01 1.574774010e-44
1.044900000e+01 1.479628960e-44
1.047300000e+01 1.394052490e-44
1.049700000e+01 1.316297290e-44
1.052200000e+01 1.245456000e-44
1.054600000e+01 1.181134240e-44
1.057000000e+01 1.122116490e-44
1.059400000e+01 1.067915560e-44
1.061900000e+01 1.018081000e-44
1.064300000e+01 9.720974025e-45
1.066800000e+01 9.296237889e-45
1.069300000e+01 8.902677316e-45
1.071700000e+01 8.537020816e-45
1.074200000e+01 8.196767296e-45
1.076700000e+01 7.879580289e-45
1.079100000e+01 7.583100561e-45
1.081600000e+01 7.305633729e-45
1.084100000e+01 7.045419969e-45
1.086600000e+01 6.800806089e-45
1.089100000e+01 6.570723600e-45
1.091600000e+01 6.353843521e-45
1.094200000e+01 6.149225889e-45
1.096700000e+01 5.955517584e-45
1.099200000e+01 5.772352576e-45
1.101800000e+01 5.598630976e-45
1.104300000e+01 5.433606369e-45
1.106800000e+01 5.276860164e-45
1.109400000e+01 5.127705664e-45
1.112000000e+01 4.985489664e-45
1.114500000e+01 4.849868881e-45
1.117100000e+01 4.720239616e-45
1.119700000e+01 4.596433209e-45
1.122200000e+01 4.477884889e-45
1.124800000e+01 4.364319969e-45
1.127400000e+01 4.255474756e-45
1.130000000e+01 4.150967184e-45
1.132600000e+01 4.050686025e-45
1.135200000e+01 3.954145924e-45
1.137900000e+01 3.861379600e-45
1.140500000e+01 3.771925056e-45
1.143100000e+01 3.685825521e-45
1.145800000e+01 3.602760529e-45
1.148400000e+01 3.522541201e-45
1.151000000e+01 3.445103025e-45
1.153700000e+01 3.370266916e-45
1.156400000e+01 3.297975184e-45
1.159000000e+01 3.228057856e-45
1.161700000e+01 3.160238656e-45
1.164400000e+01 3.094696900e-45
1.167100000e+01 3.031053025e-45
1.169700000e+01 2.969487049e-45
1.172400000e+01 2.909631481e-45
1.175200000e+01 2.851560000e-45
1.177900000e+01 2.795236900e-45
1.180600000e+01 2.740522500e-45
1.183300000e+01 2.687281921e-45
1.186000000e+01 2.635590244e-45
1.188800000e+01 2.585315716e-45
1.191500000e+01 2.536431769e-45
1.194300000e+01 2.488812544e-45
1.197000000e+01 2.442435241e-45
1.199800000e+01 2.397277444e-45
1.202500000e+01 2.353317121e-45
1.205300000e+01 2.310436489e-45
1.208100000e+01 2.268616900e-45
1.210900000e+01 2.227840000e-45
1.213700000e+01 2.188087729e-45
1.216500000e+01 2.149342321e-45
1.219300000e+01 2.111494401e-45
1.222100000e+01 2.074529209e-45
1.224900000e+01 2.038522500e-45
1.227700000e+01 2.003278564e-45
1.230600000e+01 1.968874384e-45
1.233400000e+01 1.935208081e-45
1.236200000e+01 1.902355456e-45
1.239100000e+01 1.870303009e-45
1.241900000e+01 1.838865924e-45
1.244800000e+01 1.808205529e-45
1.247700000e+01 1.778140224e-45
1.250600000e+01 1.748828761e-45
1.253400000e+01 1.720092676e-45
1.256300000e+01 1.691923689e-45
1.259200000e+01 1.664476804e-45
1.262100000e+01 1.637497156e-45
1.265000000e+01 1.611139321e-45
1.268000000e+01 1.585313856e-45
1.270900000e+01 1.560092004e-45
1.273800000e+01 1.535307489e-45
1.276700000e+01 1.511032384e-45
1.279700000e+01 1.487259225e-45
1.282600000e+01 1.463980644e-45
1.285600000e+01 1.441189369e-45
1.288600000e+01 1.418878224e-45
1.291500000e+01 1.396965376e-45
1.294500000e+01 1.375445569e-45
1.297500000e+01 1.354387204e-45
1.300500000e+01 1.333710400e-45
1.303500000e+01 1.313482564e-45
1.306500000e+01 1.293625089e-45
1.309500000e+01 1.274133025e-45
1.312500000e+01 1.255072329e-45
1.315600000e+01 1.236295921e-45
1.318600000e+01 1.217940201e-45
1.321600000e+01 1.199860321e-45
1.324700000e+01 1.182190689e-45
1.327700000e+01 1.164788641e-45
1.330800000e+01 1.147718884e-45
1.333900000e+01 1.130976900e-45
1.336900000e+01 1.114558225e-45
1.340000000e+01 1.098392164e-45
1.343100000e+01 1.082541604e-45
1.346200000e+01 1.067002225e-45
1.349300000e+01 1.051704900e-45
1.352400000e+01 1.036711204e-45
1.355500000e+01 1.021953024e-45
1.358700000e+01 1.007491081e-45
1.361800000e+01 9.932582560e-46
1.364900000e+01 9.793144360e-46
1.368100000e+01 9.655934760e-46
1.371200000e+01 9.520927360e-46
1.374400000e+01 9.388096000e-46
1.377600000e+01 9.258023290e-46
1.380800000e+01 9.130066560e-46
1.383900000e+01 9.004200490e-46
1.387100000e+01 8.880400000e-46
1.390300000e+01 8.758640250e-46
1.393500000e+01 8.639484490e-46
1.396800000e+01 8.521728640e-46
1.400000000e+01 8.406520360e-46
1.403200000e+01 8.292672090e-46
1.406400000e+01 8.180744040e-46
1.409700000e+01 8.071281000e-46
1.412900000e+01 7.963119610e-46
1.416200000e+01 7.856809000e-46
1.419500000e+01 7.752326490e-46
1.422700000e+01 7.649649640e-46
1.426000000e+01 7.548206760e-46
1.429300000e+01 7.448532640e-46
1.432600000e+01 7.350605440e-46
1.435900000e+01 7.254403560e-46
1.439200000e+01 7.159905640e-46
1.442500000e+01 7.066558890e-46
1.445900000e+01 6.974881000e-46
1.449200000e+01 6.884326440e-46
1.452500000e+01 6.795406240e-46
1.455900000e+01 6.708100000e-46
1.459200000e+01 6.621872890e-46
1.462600000e+01 6.537226240e-46
1.466000000e+01 6.453632160e-46
1.469400000e+01 6.371080810e-46
1.472700000e+01 6.290565610e-46
1.476100000e+01 6.210562410e-46
1.479500000e+01 6.132556960e-46
1.483000000e+01 6.055044490e-46
1.486400000e+01 5.979003040e-46
1.489800000e+01 5.903928040e-46
1.493200000e+01 5.830293160e-46
1.496700000e+01 5.757600250e-46
1.500100000e+01 5.686317160e-46
1.503600000e+01 5.615478090e-46
1.507100000e+01 5.546025000e-46
1.510500000e+01 5.477940250e-46
1.514000000e+01 5.410276000e-46
1.517500000e+01 5.343956890e-46
1.521000000e+01 5.278506250e-46
1.524500000e+01 5.214372250e-46
1.528000000e+01 5.150630250e-46
1.531600000e+01 5.088182490e-46
1.535100000e+01 5.026564000e-46
1.538600000e+01 4.965766560e-46
1.542200000e+01 4.905782010e-46
1.545700000e+01 4.847042560e-46
1.549300000e+01 4.788656890e-46
1.552900000e+01 4.731495040e-46
1.556400000e+01 4.675108840e-46
1.560000000e+01 4.619490490e-46
1.563600000e+01 4.564204960e-46
1.567200000e+01 4.510101690e-46
1.570900000e+01 4.456743210e-46
1.574500000e+01 4.404121960e-46
1.578100000e+01 4.352647690e-46
1.581700000e+01 4.301476000e-46
1.585400000e+01 4.251019240e-46
1.589000000e+01 4.201270090e-46
1.592700000e+01 4.152221290e-46
1.596400000e+01 4.103865640e-46
1.600100000e+01 4.056196000e-46
1.603800000e+01 4.009205290e-46
1.607500000e+01 3.962886490e-46
1.611200000e+01 3.917232640e-46
1.614900000e+01 3.871843290e-46
1.618600000e+01 3.827500960e-46
1.622300000e+01 3.783803040e-46
1.626100000e+01 3.740356000e-46
1.629800000e+01 3.697544410e-46
1.633600000e+01 3.655361610e-46
1.637400000e+01 3.613801000e-46
1.641100000e+01 3.572856040e-46
1.644900000e+01 3.532520250e-46
1.648700000e+01 3.492787210e-46
1.652500000e+01 3.453278890e-46
1.656300000e+01 3.414364840e-46
1.660100000e+01 3.376038760e-46
1.664000000e+01 3.338294410e-46
1.667800000e+01 3.301125610e-46
1.671600000e+01 3.264164890e-46
1.675500000e+01 3.227771560e-46
1.679400000e+01 3.191939560e-46
1.683200000e+01 3.156662890e-46
1.687100000e+01 3.121582240e-46
1.691000000e+01 3.087049000e-46
1.694900000e+01 3.053057290e-46
1.698800000e+01 3.019601290e-46
1.702700000e+01 2.986329610e-46
1.706700000e+01 2.953585960e-46
1.710600000e+01 2.921364640e-46
1.714500000e+01 2.889660010e-46
1.718500000e+01 2.858128360e-46
1.722500000e+01 2.827105960e-46
1.726400000e+01 2.796252840e-46
1.730400000e+01 2.765901610e-46
1.734400000e+01 2.736046810e-46
1.738400000e+01 2.706683040e-46
1.742400000e+01 2.677477690e-46
1.746400000e+01 2.648756250e-46
1.750500000e+01 2.620189690e-46
1.754500000e+01 2.592100000e-46
1.758500000e+01 2.564481960e-46
1.762600000e+01 2.537011840e-46
1.766700000e+01 2.510006490e-46
1.770700000e+01 2.483460810e-46
1.774800000e+01 2.457056250e-46
1.778900000e+01 2.431104640e-46
1.783000000e+01 2.405290810e-46
1.787100000e+01 2.379923290e-46
1.791200000e+01 2.354997160e-46
1.795400000e+01 2.330202250e-46
1.799500000e+01 2.305842250e-46
1.803700000e+01 2.281610250e-46
1.807800000e+01 2.257806760e-46
1.812000000e+01 2.234128090e-46
1.816200000e+01 2.210871610e-46
1.820400000e+01 2.187736810e-46
1.824600000e+01 2.165017960e-46
1.828800000e+01 2.142710440e-46
1.833000000e+01 2.120518440e-46
1.837200000e+01 2.098731690e-46
1.841400000e+01 2.077057440e-46
1.845700000e+01 2.055782440e-46
1.849900000e+01 2.034616960e-46
1.854200000e+01 2.013561000e-46
1.858500000e+01 1.993179240e-46
1.862800000e+01 1.972620250e-46
1.867100000e+01 1.952726760e-46
1.871400000e+01 1.932656040e-46
1.875700000e+01 1.912965610e-46
1.880000000e+01 1.893651210e-46
1.884400000e+01 1.874434810e-46
1.888700000e+01 1.855588840e-46
1.893100000e+01 1.836838090e-46
1.897400000e+01 1.818182560e-46
1.901800000e+01 1.799890560e-46
1.906200000e+01 1.781958010e-46
1.910600000e+01 1.764115240e-46
1.915000000e+01 1.746362250e-46
1.919400000e+01 1.728962010e-46
1.923800000e+01 1.711648890e-46
1.928300000e+01 1.694683240e-46
1.932700000e+01 1.677802090e-46
1.937200000e+01 1.661263210e-46
1.941600000e+01 1.644806250e-46
1.946100000e+01 1.628431210e-46
1.950600000e+01 1.612392040e-46
1.955100000e+01 1.596432250e-46
1.959600000e+01 1.580803290e-46
1.964100000e+01 1.565251210e-46
1.968600000e+01 1.550025000e-46
1.973200000e+01 1.534873210e-46
1.977700000e+01 1.519795840e-46
1.982300000e+01 1.505038240e-46
1.986900000e+01 1.490352640e-46
1.991500000e+01 1.475739040e-46
1.996000000e+01 1.461439210e-46
2.000600000e+01 1.447209000e-46
2.005300000e+01 1.433287840e-46
2.009900000e+01 1.419433960e-46
2.014500000e+01 1.405884490e-46
2.019200000e+01 1.392164010e-46
2.023800000e+01 1.378980490e-46
2.028500000e+01 1.365625960e-46
2.033200000e+01 1.352569000e-46
2.037900000e+01 1.339574760e-46
2.042600000e+01 1.326873610e-46
2.047300000e+01 1.314232960e-46
2.052000000e+01 1.301652810e-46
2.056700000e+01 1.289360250e-46
2.061500000e+01 1.277126010e-46
2.066200000e+01 1.264950090e-46
2.071000000e+01 1.253056360e-46
2.075800000e+01 1.241218810e-46
2.080500000e+01 1.229437440e-46
2.085300000e+01 1.217932960e-46
2.090100000e+01 1.206482560e-46
2.095000000e+01 1.195304890e-46
2.099800000e+01 1.183961610e-46
2.104600000e+01 1.172889000e-46
2.109500000e+01 1.162084000e-46
2.114400000e+01 1.151114410e-46
2.119200000e+01 1.140410410e-46
2.124100000e+01 1.129969000e-46
2.129000000e+01 1.119364000e-46
2.133900000e+01 1.109019610e-46
2.138900000e+01 1.098932890e-46
2.143800000e+01 1.088683560e-46
2.148700000e+01 1.078689960e-46
2.153700000e+01 1.068742440e-46
2.158600000e+01 1.059046810e-46
2.163600000e+01 1.049190490e-46
2.168600000e+01 1.039788090e-46
2.173600000e+01 1.030225000e-46
2.178600000e+01 1.020908160e-46
2.183700000e+01 1.011432490e-46
2.188700000e+01 1.002401440e-46
2.193700000e+01 9.932514244e-47
2.198800000e+01 9.842425681e-47
2.203900000e+01 9.753537600e-47
2.208900000e+01 9.665642596e-47
2.214000000e+01 9.578536900e-47
2.219100000e+01 9.492410041e-47
2.224300000e+01 9.407060100e-47
2.229400000e+01 9.322868025e-47
2.234500000e+01 9.239438884e-47
2.239700000e+01 9.156767481e-47
2.244900000e+01 9.075229696e-47
2.250000000e+01 8.994435921e-47
2.255200000e+01 8.914381056e-47
2.260400000e+01 8.835436009e-47
2.265600000e+01 8.757029241e-47
2.270900000e+01 8.679717225e-47
2.276100000e+01 8.602933504e-47
2.281300000e+01 8.527229649e-47
2.286600000e+01 8.452228096e-47
2.291900000e+01 8.377923961e-47
2.297200000e+01 8.304494641e-47
2.302500000e+01 8.231751441e-47
2.307800000e+01 8.159689561e-47
2.313100000e+01 8.088663969e-47
2.318400000e+01 8.018127936e-47
2.323800000e+01 7.948435716e-47
2.329100000e+01 7.879402756e-47
2.334500000e+01 7.811201161e-47
2.339900000e+01 7.743472009e-47
2.345300000e+01 7.676738689e-47
2.350700000e+01 7.610468644e-47
2.356100000e+01 7.545007044e-47
2.361500000e+01 7.480174144e-47
2.367000000e+01 7.415965456e-47
2.372400000e+01 7.352548009e-47
2.377900000e+01 7.289573641e-47
2.383400000e+01 7.227380196e-47
2.388900000e+01 7.165791801e-47
2.394400000e+01 7.104972681e-47
2.399900000e+01 7.044580624e-47
2.405500000e+01 6.984947776e-47
2.411000000e+01 6.925901284e-47
2.416600000e+01 6.867271161e-47
2.422100000e+01 6.809385361e-47
2.427700000e+01 6.752073241e-47
2.433300000e+01 6.695330625e-47
2.438900000e+01 6.639316324e-47
2.444600000e+01 6.583699600e-47
2.450200000e+01 6.528640000e-47
2.455800000e+01 6.474133444e-47
2.461500000e+01 6.420336129e-47
2.467200000e+01 6.366922849e-47
2.472900000e+01 6.314050521e-47
2.478600000e+01 6.261715161e-47
2.484300000e+01 6.210070416e-47
2.490000000e+01 6.158796484e-47
2.495800000e+01 6.108047716e-47
2.501500000e+01 6.057820224e-47
2.507300000e+01 6.007955121e-47
2.513100000e+01 5.958759249e-47
2.518900000e+01 5.910073129e-47
2.524700000e+01 5.861739844e-47
2.530500000e+01 5.814062500e-47
2.536300000e+01 5.766731721e-47
2.542200000e+01 5.719896900e-47
2.548000000e+01 5.673554329e-47
2.553900000e+01 5.627550289e-47
2.559800000e+01 5.582181796e-47
2.565700000e+01 5.537145744e-47
2.571600000e+01 5.492588544e-47
2.577600000e+01 5.448358969e-47
2.583500000e+01 5.404749289e-47
2.589500000e+01 5.361461284e-47
2.595400000e+01 5.318639041e-47
2.601400000e+01 5.276279044e-47
2.607400000e+01 5.234233104e-47
2.613400000e+01 5.192643600e-47
2.619400000e+01 5.151507076e-47
2.625500000e+01 5.110677121e-47
2.631500000e+01 5.070294436e-47
2.637600000e+01 5.030355625e-47
2.643700000e+01 4.990716025e-47
2.649800000e+01 4.951514689e-47
2.655900000e+01 4.912748281e-47
2.662000000e+01 4.874273856e-47
2.668200000e+01 4.836228849e-47
2.674300000e+01 4.798471441e-47
2.680500000e+01 4.761138001e-47
2.686700000e+01 4.724087824e-47
2.692900000e+01 4.687456225e-47
2.699100000e+01 4.651240000e-47
2.705300000e+01 4.615300096e-47
2.711500000e+01 4.579770276e-47
2.717800000e+01 4.544512569e-47
2.724100000e+01 4.509659716e-47
2.730300000e+01 4.475074816e-47
2.736600000e+01 4.440889600e-47
2.742900000e+01 4.406968225e-47
2.749300000e+01 4.373309161e-47
2.755600000e+01 4.340174400e-47
2.762000000e+01 4.307165641e-47
2.768300000e+01 4.274544400e-47
2.774700000e+01 4.242307689e-47
2.781100000e+01 4.210192996e-47
2.787500000e+01 4.178588164e-47
2.794000000e+01 4.147102404e-47
2.800400000e+01 4.115992336e-47
2.806900000e+01 4.085255056e-47
2.813300000e+01 4.054760329e-47
2.819800000e+01 4.024506721e-47
2.826300000e+01 3.994619209e-47
2.832800000e+01 3.964969024e-47
2.839400000e+01 3.935554756e-47
2.845900000e+01 3.906500004e-47
2.852500000e+01 3.877677441e-47
2.859100000e+01 3.849085681e-47
2.865600000e+01 3.820723344e-47
2.872300000e+01 3.792712225e-47
2.878900000e+01 3.765049600e-47
2.885500000e+01 3.737488225e-47
2.892200000e+01 3.710271744e-47
2.898800000e+01 3.683276100e-47
2.905500000e+01 3.656499961e-47
2.912200000e+01 3.630062500e-47
2.918900000e+01 3.603841024e-47
2.925700000e+01 3.577834225e-47
2.932400000e+01 3.552040801e-47
2.939200000e+01 3.526578225e-47
2.946000000e+01 3.501325584e-47
2.952800000e+01 3.476281600e-47
2.959600000e+01 3.451445001e-47
2.966400000e+01 3.426814521e-47
2.973200000e+01 3.402505561e-47
2.980100000e+01 3.378399376e-47
2.987000000e+01 3.354494724e-47
2.993800000e+01 3.330790369e-47
3.000700000e+01 3.307285081e-47
3.007700000e+01 3.283977636e-47
3.014600000e+01 3.260981025e-47
3.021600000e+01 3.238179025e-47
3.028500000e+01 3.215570436e-47
3.035500000e+01 3.193154064e-47
3.042500000e+01 3.170928721e-47
3.049500000e+01 3.148893225e-47
3.056600000e+01 3.127158241e-47
3.063600000e+01 3.105498529e-47
3.070700000e+01 3.084136225e-47
3.077700000e+01 3.062847649e-47
3.084800000e+01 3.041853409e-47
3.092000000e+01 3.021041296e-47
3.099100000e+01 3.000410176e-47
3.106200000e+01 2.979958921e-47
3.113400000e+01 2.959686409e-47
3.120600000e+01 2.939591524e-47
3.127800000e+01 2.919673156e-47
3.135000000e+01 2.899930201e-47
3.142200000e+01 2.880361561e-47
3.149500000e+01 2.860966144e-47
3.156700000e+01 2.841849481e-47
3.164000000e+01 2.822796900e-47
3.171300000e+01 2.803914304e-47
3.178600000e+01 2.785200625e-47
3.185900000e+01 2.766760000e-47
3.193300000e+01 2.748380625e-47
3.200700000e+01 2.730167001e-47
3.208000000e+01 2.712118084e-47
3.215400000e+01 2.694336649e-47
3.222800000e+01 2.676613696e-47
3.230300000e+01 2.659052356e-47
3.237700000e+01 2.641651609e-47
3.245200000e+01 2.624410441e-47
3.252700000e+01 2.607327844e-47
3.260200000e+01 2.590402816e-47
3.267700000e+01 2.573532900e-47
3.275200000e+01 2.556920356e-47
3.282800000e+01 2.540462409e-47
3.290400000e+01 2.524057600e-47
3.297900000e+01 2.507906241e-47
3.305500000e+01 2.491806724e-47
3.313200000e+01 2.475958081e-47
3.320800000e+01 2.460160000e-47
3.328500000e+01 2.444511364e-47
3.336100000e+01 2.429011225e-47
3.343800000e+01 2.413658641e-47
3.351500000e+01 2.398354729e-47
3.359300000e+01 2.383294761e-47
3.367000000e+01 2.368379556e-47
3.374800000e+01 2.353511169e-47
3.382600000e+01 2.338786321e-47
3.390400000e+01 2.324204100e-47
3.398200000e+01 2.309763600e-47
3.406000000e+01 2.295463921e-47
3.413900000e+01 2.281208644e-47
3.421800000e+01 2.267092996e-47
3.429600000e+01 2.253211024e-47
3.437600000e+01 2.239371684e-47
3.445500000e+01 2.225574976e-47
3.453400000e+01 2.212009024e-47
3.461400000e+01 2.198484544e-47
3.469400000e+01 2.185188516e-47
3.477400000e+01 2.171932816e-47
3.485400000e+01 2.158810369e-47
3.493400000e+01 2.145727684e-47
3.501500000e+01 2.132777124e-47
3.509600000e+01 2.120049936e-47
3.517600000e+01 2.107360836e-47
3.525800000e+01 2.094709824e-47
3.533900000e+01 2.082279424e-47
3.542000000e+01 2.069886016e-47
3.550200000e+01 2.057620321e-47
3.558400000e+01 2.045481529e-47
3.566600000e+01 2.033378649e-47
3.574800000e+01 2.021401600e-47
3.583100000e+01 2.009549584e-47
3.591300000e+01 1.997821809e-47
3.599600000e+01 1.986128356e-47
3.607900000e+01 1.974558096e-47
3.616200000e+01 1.963110249e-47
3.624600000e+01 1.951784041e-47
3.632900000e+01 1.940490601e-47
3.641300000e+01 1.929317776e-47
3.649700000e+01 1.918177209e-47
3.658100000e+01 1.907243584e-47
3.666600000e+01 1.896341209e-47
3.675000000e+01 1.885556929e-47
3.683500000e+01 1.874803401e-47
3.692000000e+01 1.864166976e-47
3.700500000e+01 1.853646916e-47
3.709000000e+01 1.843156624e-47
3.717600000e+01 1.832781721e-47
3.726200000e+01 1.822521481e-47
3.734700000e+01 1.812375184e-47
3.743400000e+01 1.802257209e-47
3.752000000e+01 1.792252225e-47
3.760600000e+01 1.782275089e-47
3.769300000e+01 1.772410000e-47
3.778000000e+01 1.762656256e-47
3.786700000e+01 1.752929424e-47
3.795500000e+01 1.743313009e-47
3.804200000e+01 1.733806321e-47
3.813000000e+01 1.724325625e-47
3.821800000e+01 1.714953744e-47
3.830600000e+01 1.705607401e-47
3.839400000e+01 1.696368969e-47
3.848300000e+01 1.687237776e-47
3.857100000e+01 1.678131225e-47
3.866000000e+01 1.669131025e-47
3.875000000e+01 1.660155025e-47
3.883900000e+01 1.651365769e-47
3.892800000e+01 1.642518784e-47
3.901800000e+01 1.633776400e-47
3.910800000e+01 1.625137969e-47
3.919800000e+01 1.616602849e-47
3.928900000e+01 1.608090201e-47
3.937900000e+01 1.599600025e-47
3.947000000e+01 1.591291881e-47
3.956100000e+01 1.582925796e-47
3.965200000e+01 1.574740489e-47
3.974400000e+01 1.566497241e-47
3.983600000e+01 1.558433529e-47
3.992700000e+01 1.550390625e-47
4.001900000e+01 1.542368529e-47
4.011200000e+01 1.534445584e-47
4.020400000e+01 1.526621184e-47
4.029700000e+01 1.518816784e-47
4.039000000e+01 1.511110129e-47
4.048300000e+01 1.503423076e-47
4.057600000e+01 1.495832976e-47
4.067000000e+01 1.488262084e-47
4.076400000e+01 1.480787361e-47
4.085800000e+01 1.473408225e-47
4.095200000e+01 1.465970944e-47
4.104600000e+01 1.458705249e-47
4.114100000e+01 1.451457604e-47
4.123600000e+01 1.444228009e-47
4.133100000e+01 1.437092281e-47
4.142600000e+01 1.429974225e-47
4.152200000e+01 1.422949284e-47
4.161800000e+01 1.416016900e-47
4.171400000e+01 1.409101444e-47
4.181000000e+01 1.402202916e-47
4.190600000e+01 1.395396025e-47
4.200300000e+01 1.388605696e-47
4.210000000e+01 1.381906276e-47
4.219700000e+01 1.375297225e-47
4.229400000e+01 1.368704016e-47
4.239200000e+01 1.362126649e-47
4.248900000e+01 1.355638761e-47
4.258700000e+01 1.349166361e-47
4.268600000e+01 1.342782736e-47
4.278400000e+01 1.336414249e-47
4.288300000e+01 1.330060900e-47
4.298100000e+01 1.323868225e-47
4.308100000e+01 1.317617401e-47
4.318000000e+01 1.311453796e-47
4.328000000e+01 1.305376900e-47
4.337900000e+01 1.299242025e-47
4.347900000e+01 1.293265444e-47
4.358000000e+01 1.287302641e-47
4.368000000e+01 1.281353616e-47
4.378100000e+01 1.275489796e-47
4.388200000e+01 1.269639424e-47
4.398300000e+01 1.263802500e-47
4.408400000e+01 1.258049961e-47
4.418600000e+01 1.252381321e-47
4.428800000e+01 1.246654864e-47
4.439000000e+01 1.241082441e-47
4.449200000e+01 1.235452201e-47
4.459500000e+01 1.229904900e-47
4.469800000e+01 1.224440064e-47
4.480100000e+01 1.218987396e-47
4.490400000e+01 1.213546896e-47
4.500800000e+01 1.208188081e-47
4.511200000e+01 1.202841124e-47
4.521600000e+01 1.197506025e-47
4.532000000e+01 1.192251841e-47
4.542400000e+01 1.187078116e-47
4.552900000e+01 1.181846884e-47
4.563400000e+01 1.176695809e-47
4.573900000e+01 1.171624441e-47
4.584500000e+01 1.166564025e-47
4.595100000e+01 1.161514561e-47
4.605700000e+01 1.156544064e-47
4.616300000e+01 1.151584225e-47
4.626900000e+01 1.146635044e-47
4.637600000e+01 1.141764100e-47
4.648300000e+01 1.136903524e-47
4.659000000e+01 1.132053316e-47
4.669700000e+01 1.127280625e-47
4.680500000e+01 1.122518016e-47
4.691300000e+01 1.117832356e-47
4.702100000e+01 1.113156496e-47
4.713000000e+01 1.108490436e-47
4.723800000e+01 1.103900625e-47
4.734700000e+01 1.099320336e-47
4.745700000e+01 1.094749569e-47
4.756600000e+01 1.090254361e-47
4.767600000e+01 1.085768401e-47
4.778600000e+01 1.081357456e-47
4.789600000e+01 1.076955489e-47
4.800600000e+01 1.072562500e-47
4.811700000e+01 1.068178489e-47
4.822800000e+01 1.063868689e-47
4.833900000e+01 1.059567601e-47
4.845100000e+01 1.055340196e-47
4.856200000e+01 1.051056400e-47
4.867400000e+01 1.046846025e-47
4.878700000e+01 1.042708681e-47
4.889900000e+01 1.038579529e-47
4.901200000e+01 1.034458569e-47
4.912500000e+01 1.030345801e-47
4.923800000e+01 1.026305296e-47
4.935200000e+01 1.022272729e-47
4.946500000e+01 1.018248100e-47
4.957900000e+01 1.014295104e-47
4.969400000e+01 1.010349796e-47
4.980800000e+01 1.006412176e-47
4.992300000e+01 1.002545569e-47
5.003800000e+01 9.986864040e-48
5.015400000e+01 9.948346810e-48
5.026900000e+01 9.910533610e-48
5.038500000e+01 9.872792410e-48
5.050200000e+01 9.835123210e-48
5.061800000e+01 9.797526010e-48
5.073500000e+01 9.760625640e-48
5.085200000e+01 9.723794890e-48
5.096900000e+01 9.687033760e-48
5.108700000e+01 9.650963560e-48
5.120400000e+01 9.614960640e-48
5.132200000e+01 9.579025000e-48
5.144100000e+01 9.543774490e-48
5.155900000e+01 9.507972250e-48
5.167800000e+01 9.472852840e-48
5.179700000e+01 9.438412840e-48
5.191700000e+01 9.403422250e-48
5.203700000e+01 9.369108810e-48
5.215700000e+01 9.334858090e-48
5.227700000e+01 9.301280040e-48
5.239700000e+01 9.267153640e-48
5.251800000e+01 9.233697690e-48
5.263900000e+01 9.200908890e-48
5.276100000e+01 9.167572840e-48
5.288200000e+01 9.134901760e-48
5.300400000e+01 9.102289000e-48
5.312700000e+01 9.069734560e-48
5.324900000e+01 9.037839690e-48
5.337200000e+01 9.005400810e-48
5.349500000e+01 8.973619360e-48
5.361800000e+01 8.942492160e-48
5.374200000e+01 8.910822010e-48
5.386600000e+01 8.879804010e-48
5.399000000e+01 8.848840090e-48
5.411500000e+01 8.818524160e-48
5.423900000e+01 8.787667360e-48
5.436500000e+01 8.757456490e-48
5.449000000e+01 8.727297640e-48
5.461600000e+01 8.697190810e-48
5.474100000e+01 8.667724810e-48
5.486800000e+01 8.638308810e-48
5.499400000e+01 8.608942810e-48
5.512100000e+01 8.579626810e-48
5.524800000e+01 8.550360810e-48
5.537600000e+01 8.521728640e-48
5.550300000e+01 8.493144490e-48
5.563100000e+01 8.464608360e-48
5.576000000e+01 8.436701160e-48
5.588800000e+01 8.408260090e-48
5.601700000e+01 8.380446010e-48
5.614600000e+01 8.352678010e-48
5.627600000e+01 8.325533160e-48
5.640500000e+01 8.297856360e-48
5.653500000e+01 8.270800810e-48
5.666600000e+01 8.243789440e-48
5.679700000e+01 8.216822250e-48
5.692800000e+01 8.190471610e-48
5.705900000e+01 8.163591840e-48
5.719000000e+01 8.137326760e-48
5.732200000e+01 8.111104000e-48
5.745400000e+01 8.084923560e-48
5.758700000e+01 8.059353210e-48
5.772000000e+01 8.033823360e-48
5.785300000e+01 8.008334010e-48
5.798600000e+01 7.982885160e-48
5.812000000e+01 7.957476810e-48
5.825400000e+01 7.932672250e-48
5.838800000e+01 7.907344000e-48
5.852300000e+01 7.882617760e-48
5.865800000e+01 7.857930240e-48
5.879300000e+01 7.833841210e-48
5.892900000e+01 7.809230250e-48
5.906500000e+01 7.785216040e-48
5.920100000e+01 7.761238810e-48
5.933700000e+01 7.737298560e-48
5.947400000e+01 7.713395290e-48
5.961100000e+01 7.690083610e-48
5.974900000e+01 7.666807210e-48
5.988700000e+01 7.643013160e-48
6.002500000e+01 7.620360250e-48
6.016300000e+01 7.597189690e-48
6.030200000e+01 7.574054410e-48
6.044100000e+01 7.551504000e-48
6.058000000e+01 7.528987210e-48
6.072000000e+01 7.506504040e-48
6.086000000e+01 7.484054490e-48
6.100000000e+01 7.461638560e-48
6.114100000e+01 7.439801760e-48
6.128200000e+01 7.417996960e-48
6.142300000e+01 7.396224160e-48
6.156500000e+01 7.374483360e-48
6.170700000e+01 7.352774560e-48
6.184900000e+01 7.331097760e-48
6.199200000e+01 7.309993690e-48
6.213500000e+01 7.288920040e-48
6.227800000e+01 7.267876810e-48
6.242200000e+01 7.246864000e-48
6.256600000e+01 7.225881610e-48
6.271000000e+01 7.205466490e-48
6.285500000e+01 7.184544160e-48
6.299900000e+01 7.164187560e-48
6.314500000e+01 7.143859840e-48
6.329000000e+01 7.123561000e-48
6.343600000e+01 7.103824090e-48
6.358300000e+01 7.083582250e-48
6.372900000e+01 7.063900840e-48
6.387600000e+01 7.044246810e-48
6.402300000e+01 7.024620160e-48
6.417100000e+01 7.005020890e-48
6.431900000e+01 6.985449000e-48
6.446700000e+01 6.965904490e-48
6.461600000e+01 6.946914490e-48
6.476500000e+01 6.927950410e-48
6.491400000e+01 6.909012250e-48
6.506400000e+01 6.890100010e-48
6.521400000e+01 6.871213690e-48
6.536500000e+01 6.852353290e-48
6.551500000e+01 6.834041640e-48
6.566600000e+01 6.815232360e-48
6.581800000e+01 6.796970410e-48
6.597000000e+01 6.778732960e-48
6.612200000e+01 6.760520010e-48
6.627400000e+01 6.742331560e-48
6.642700000e+01 6.724686240e-48
6.658000000e+01 6.706546090e-48
6.673400000e+01 6.688947690e-48
6.688800000e+01 6.671372410e-48
6.704200000e+01 6.653820250e-48
6.719600000e+01 6.636291210e-48
6.735100000e+01 6.618785290e-48
6.750700000e+01 6.601816360e-48
6.766200000e+01 6.584356000e-48
6.781800000e+01 6.567431290e-48
6.797500000e+01 6.550528360e-48
6.813200000e+01 6.533647210e-48
6.828900000e+01 6.516787840e-48
6.844600000e+01 6.499950250e-48
6.860400000e+01 6.483134440e-48
6.876200000e+01 6.466849000e-48
6.892100000e+01 6.450076090e-48
6.908000000e+01 6.433832250e-48
6.923900000e+01 6.417608890e-48
6.939900000e+01 6.401406010e-48
6.955900000e+01 6.385223610e-48
6.971900000e+01 6.369061690e-48
6.988000000e+01 6.353424360e-48
7.004100000e+01 6.337302760e-48
7.020200000e+01 6.321704490e-48
7.036400000e+01 6.306125440e-48
7.052700000e+01 6.290064000e-48
7.068900000e+01 6.275025000e-48
7.085200000e+01 6.259503610e-48
7.101600000e+01 6.244001440e-48
7.117900000e+01 6.228518490e-48
7.134400000e+01 6.213553290e-48
7.150800000e+01 6.198108160e-48
7.167300000e+01 6.183179560e-48
7.183800000e+01 6.168268960e-48
7.200400000e+01 6.153376360e-48
7.217000000e+01 6.138501760e-48
7.233600000e+01 6.123645160e-48
7.250300000e+01 6.109300890e-48
7.267000000e+01 6.094479690e-48
7.283800000e+01 6.080169640e-48
7.300600000e+01 6.065383840e-48
7.317400000e+01 6.051108010e-48
7.334300000e+01 6.036849000e-48
7.351200000e+01 6.022606810e-48
7.368200000e+01 6.008381440e-48
7.385200000e+01 5.994172890e-48
7.402200000e+01 5.980470250e-48
7.419300000e+01 5.966294760e-48
7.436400000e+01 5.952624040e-48
7.453500000e+01 5.938969000e-48
7.470700000e+01 5.924842810e-48
7.487900000e+01 5.911219690e-48
7.505200000e+01 5.897612250e-48
7.522500000e+01 5.884020490e-48
7.539900000e+01 5.870929000e-48
7.557200000e+01 5.857368040e-48
7.574700000e+01 5.843822760e-48
7.592100000e+01 5.830776090e-48
7.609600000e+01 5.817261610e-48
7.627200000e+01 5.804244640e-48
7.644800000e+01 5.791242250e-48
7.662400000e+01 5.778254440e-48
7.680100000e+01 5.765281210e-48
7.697800000e+01 5.752322560e-48
7.715500000e+01 5.739378490e-48
7.733300000e+01 5.726927610e-48
7.751200000e+01 5.714012160e-48
7.769000000e+01 5.701588840e-48
7.787000000e+01 5.688702010e-48
7.804900000e+01 5.676306250e-48
7.822900000e+01 5.663924010e-48
7.840900000e+01 5.651555290e-48
7.859000000e+01 5.639200090e-48
7.877200000e+01 5.626858410e-48
7.895300000e+01 5.614530250e-48
7.913500000e+01 5.602215610e-48
7.931800000e+01 5.590387360e-48
7.950100000e+01 5.578099240e-48
7.968400000e+01 5.566296490e-48
7.986800000e+01 5.554034890e-48
8.005200000e+01 5.542257640e-48
8.023600000e+01 5.530492890e-48
8.042100000e+01 5.518740640e-48
8.060700000e+01 5.507000890e-48
8.079300000e+01 5.495273640e-48
8.097900000e+01 5.483558890e-48
8.116600000e+01 5.472324490e-48
8.135300000e+01 5.460634240e-48
8.154100000e+01 5.448956490e-48
8.172900000e+01 5.437757610e-48
8.191700000e+01 5.426570250e-48
8.210600000e+01 5.414929000e-48
8.229500000e+01 5.403765160e-48
8.248500000e+01 5.392612840e-48
8.267500000e+01 5.381472040e-48
8.286600000e+01 5.370342760e-48
8.305700000e+01 5.359225000e-48
8.324900000e+01 5.348118760e-48
8.344100000e+01 5.337486090e-48
8.363300000e+01 5.326402410e-48
8.382600000e+01 5.315330250e-48
8.401900000e+01 5.304730240e-48
8.421300000e+01 5.294140810e-48
8.440700000e+01 5.283102250e-48
8.460200000e+01 5.272534440e-48
8.479700000e+01 5.261977210e-48
8.499200000e+01 5.251430560e-48
8.518800000e+01 5.240894490e-48
8.538500000e+01 5.230369000e-48
8.558200000e+01 5.219854090e-48
8.577900000e+01 5.209806250e-48
8.597700000e+01 5.199312040e-48
8.617500000e+01 5.188828410e-48
8.637400000e+01 5.178810490e-48
8.657300000e+01 5.168347560e-48
8.677300000e+01 5.158349440e-48
8.697300000e+01 5.148361000e-48
8.717300000e+01 5.137928890e-48
8.737400000e+01 5.127960250e-48
8.757600000e+01 5.118001290e-48
8.777800000e+01 5.108052010e-48
8.798000000e+01 5.098112410e-48
8.818300000e+01 5.088182490e-48
8.838600000e+01 5.078712960e-48
8.859000000e+01 5.068801960e-48
8.879500000e+01 5.058900640e-48
8.899900000e+01 5.049458410e-48
8.920500000e+01 5.039576010e-48
8.941000000e+01 5.030151840e-48
8.961600000e+01 5.020288360e-48
8.982300000e+01 5.010882250e-48
9.003000000e+01 5.001484960e-48
9.023800000e+01 4.992096490e-48
9.044600000e+01 4.982716840e-48
9.065500000e+01 4.973346010e-48
9.086400000e+01 4.963984000e-48
9.107300000e+01 4.954630810e-48
9.128300000e+01 4.945286440e-48
9.149400000e+01 4.935950890e-48
9.170500000e+01 4.927068090e-48
9.191600000e+01 4.917749760e-48
9.212800000e+01 4.908440250e-48
9.234000000e+01 4.899582250e-48
9.255300000e+01 4.890289960e-48
9.276700000e+01 4.881448360e-48
9.298100000e+01 4.872614760e-48
9.319500000e+01 4.863348090e-48
9.341000000e+01 4.854530890e-48
9.362500000e+01 4.845721690e-48
9.384100000e+01 4.836920490e-48
9.405800000e+01 4.828127290e-48
9.427500000e+01 4.819342090e-48
9.449200000e+01 4.810564890e-48
9.471000000e+01 4.802233960e-48
9.492800000e+01 4.793472360e-48
9.514700000e+01 4.784718760e-48
9.536700000e+01 4.776410250e-48
9.558700000e+01 4.767672250e-48
9.580700000e+01 4.758942250e-48
9.602800000e+01 4.750656160e-48
9.624900000e+01 4.742377290e-48
9.647100000e+01 4.733670490e-48
9.669400000e+01 4.725406440e-48
9.691700000e+01 4.717149610e-48
9.714000000e+01 4.708900000e-48
9.736400000e+01 4.700657610e-48
9.758900000e+01 4.692422440e-48
9.781400000e+01 4.684194490e-48
9.803900000e+01 4.675973760e-48
9.826600000e+01 4.667760250e-48
9.849200000e+01 4.659553960e-48
9.871900000e+01 4.651354890e-48
9.894700000e+01 4.643594010e-48
9.917500000e+01 4.635409000e-48
9.940400000e+01 4.627231210e-48
9.963300000e+01 4.619490490e-48
9.986300000e+01 4.611326760e-48
1.000900000e+02 4.603599360e-48
1.003200000e+02 4.595878440e-48
1.005600000e+02 4.587735610e-48
1.007900000e+02 4.580028010e-48
1.010200000e+02 4.572326890e-48
1.012500000e+02 4.564632250e-48
1.014900000e+02 4.556944090e-48
1.017200000e+02 4.549262410e-48
1.019500000e+02 4.541587210e-48
1.021900000e+02 4.533918490e-48
1.024300000e+02 4.526256250e-48
1.026600000e+02 4.518600490e-48
1.029000000e+02 4.510951210e-48
1.031400000e+02 4.503308410e-48
1.033700000e+02 4.496096160e-48
1.036100000e+02 4.488465960e-48
1.038500000e+02 4.480842240e-48
1.040900000e+02 4.473648010e-48
1.043300000e+02 4.466036890e-48
1.045700000e+02 4.458854560e-48
1.048100000e+02 4.451678010e-48
1.050500000e+02 4.444085610e-48
1.053000000e+02 4.436920960e-48
1.055400000e+02 4.429762090e-48
1.057800000e+02 4.422609000e-48
1.060300000e+02 4.415041440e-48
1.062700000e+02 4.407900250e-48
1.065200000e+02 4.400764840e-48
1.067600000e+02 4.393635210e-48
1.070100000e+02 4.386511360e-48
1.072500000e+02 4.379393290e-48
1.075000000e+02 4.372699210e-48
1.077500000e+02 4.365592360e-48
1.080000000e+02 4.358491290e-48
1.082500000e+02 4.351396000e-48
1.085000000e+02 4.344723360e-48
1.087500000e+02 4.337639290e-48
1.090000000e+02 4.330561000e-48
1.092500000e+02 4.323904360e-48
1.095000000e+02 4.316837290e-48
1.097500000e+02 4.310191210e-48
1.100100000e+02 4.303550250e-48
1.102600000e+02 4.296499840e-48
1.105100000e+02 4.289869440e-48
1.107700000e+02 4.283244160e-48
1.110200000e+02 4.276624000e-48
1.112800000e+02 4.269595690e-48
1.115400000e+02 4.262986090e-48
1.117900000e+02 4.256381610e-48
1.120500000e+02 4.249782250e-48
1.123100000e+02 4.243188010e-48
1.125700000e+02 4.236598890e-48
1.128300000e+02 4.230014890e-48
1.130900000e+02 4.223436010e-48
1.133500000e+02 4.217272960e-48
1.136100000e+02 4.210704000e-48
1.138700000e+02 4.204140160e-48
1.141400000e+02 4.197581440e-48
1.144000000e+02 4.191437290e-48
1.146600000e+02 4.184888490e-48
1.149300000e+02 4.178753640e-48
1.151900000e+02 4.172214760e-48
1.154600000e+02 4.166089210e-48
1.157200000e+02 4.159560250e-48
1.159900000e+02 4.153444000e-48
1.162600000e+02 4.146924960e-48
1.165300000e+02 4.140818010e-48
1.168000000e+02 4.134715560e-48
1.170600000e+02 4.128617610e-48
1.173300000e+02 4.122118090e-48
1.176100000e+02 4.116029440e-48
1.178800000e+02 4.109945290e-48
1.181500000e+02 4.103865640e-48
1.184200000e+02 4.097790490e-48
1.186900000e+02 4.091719840e-48
1.189700000e+02 4.085653690e-48
1.192400000e+02 4.079592040e-48
1.195200000e+02 4.073534890e-48
1.197900000e+02 4.067885610e-48
1.200700000e+02 4.061837160e-48
1.203500000e+02 4.055793210e-48
1.206200000e+02 4.049753760e-48
1.209000000e+02 4.044121000e-48
1.211800000e+02 4.038090250e-48
1.214600000e+02 4.032064000e-48
1.217400000e+02 4.026443560e-48
1.220200000e+02 4.020426010e-48
1.223000000e+02 4.014813690e-48
1.225800000e+02 4.008804840e-48
1.228700000e+02 4.003200640e-48
1.231500000e+02 3.997600360e-48
1.234300000e+02 3.991604410e-48
1.237200000e+02 3.986012250e-48
1.240000000e+02 3.980424010e-48
1.242900000e+02 3.974839690e-48
1.245800000e+02 3.968860840e-48
1.248600000e+02 3.963284640e-48
1.251500000e+02 3.957712360e-48
1.254400000e+02 3.952144000e-48
1.257300000e+02 3.946579560e-48
1.260200000e+02 3.941019040e-48
1.263100000e+02 3.935462440e-48
1.266000000e+02 3.929909760e-48
1.268900000e+02 3.924361000e-48
1.271900000e+02 3.919212090e-48
1.274800000e+02 3.913670890e-48
1.277700000e+02 3.908133610e-48
1.280700000e+02 3.902600250e-48
1.283600000e+02 3.897465640e-48
1.286600000e+02 3.891939840e-48
1.289600000e+02 3.886417960e-48
1.292500000e+02 3.881294010e-48
1.295500000e+02 3.875779690e-48
1.298500000e+02 3.870662760e-48
1.301500000e+02 3.865156000e-48
1.304500000e+02 3.860046090e-48
1.307500000e+02 3.854546890e-48
1.310500000e+02 3.849444000e-48
1.313500000e+02 3.844344490e-48
1.316600000e+02 3.838856490e-48
1.319600000e+02 3.833764000e-48
1.322600000e+02 3.828674890e-48
1.325700000e+02 3.823198090e-48
1.328800000e+02 3.818116000e-48
1.331800000e+02 3.813037290e-48
1.334900000e+02 3.807961960e-48
1.338000000e+02 3.802890010e-48
1.341100000e+02 3.797821440e-48
1.344100000e+02 3.792756250e-48
1.347200000e+02 3.787694440e-48
1.350400000e+02 3.782636010e-48
1.353500000e+02 3.777580960e-48
1.356600000e+02 3.772529290e-48
1.359700000e+02 3.767869210e-48
1.362900000e+02 3.762824040e-48
1.366000000e+02 3.757782250e-48
1.369100000e+02 3.752743840e-48
1.372300000e+02 3.748096000e-48
1.375500000e+02 3.743064090e-48
1.378600000e+02 3.738035560e-48
1.381800000e+02 3.733396840e-48
1.385000000e+02 3.728374810e-48
1.388200000e+02 3.723742090e-48
1.391400000e+02 3.718726560e-48
1.394600000e+02 3.714099840e-48
1.397800000e+02 3.709090810e-48
1.401000000e+02 3.704470090e-48
1.404300000e+02 3.699467560e-48
1.407500000e+02 3.694852840e-48
1.410800000e+02 3.690241000e-48
1.414000000e+02 3.685632040e-48
1.417300000e+02 3.680642250e-48
1.420500000e+02 3.676039290e-48
1.423800000e+02 3.671439210e-48
1.427100000e+02 3.666842010e-48
1.430400000e+02 3.662247690e-48
1.433700000e+02 3.657656250e-48
1.437000000e+02 3.653067690e-48
1.440300000e+02 3.648482010e-48
1.443600000e+02 3.643899210e-48
1.447000000e+02 3.639319290e-48
1.450300000e+02 3.634742250e-48
1.453600000e+02 3.630168090e-48
1.457000000e+02 3.625596810e-48
1.460400000e+02 3.621028410e-48
1.463700000e+02 3.616462890e-48
1.467100000e+02 3.612280360e-48
1.470500000e+02 3.607720360e-48
1.473900000e+02 3.603163240e-48
1.477300000e+02 3.598988410e-48
1.480700000e+02 3.594436810e-48
1.484100000e+02 3.589888090e-48
1.487500000e+02 3.585720960e-48
1.490900000e+02 3.581177760e-48
1.494400000e+02 3.577015690e-48
1.497800000e+02 3.572478010e-48
1.501300000e+02 3.568321000e-48
1.504700000e+02 3.563788840e-48
1.508200000e+02 3.559636890e-48
1.511700000e+02 3.555487360e-48
1.515200000e+02 3.550963360e-48
1.518700000e+02 3.546818890e-48
1.522200000e+02 3.542676840e-48
1.525700000e+02 3.538537210e-48
1.529200000e+02 3.534400000e-48
1.532700000e+02 3.529889440e-48
1.536300000e+02 3.525757290e-48
1.539800000e+02 3.521627560e-48
1.543400000e+02 3.517500250e-48
1.546900000e+02 3.513375360e-48
1.550500000e+02 3.509252890e-48
1.554100000e+02 3.505132840e-48
1.557600000e+02 3.501015210e-48
1.561200000e+02 3.496900000e-48
1.564800000e+02 3.492787210e-48
1.568400000e+02 3.489050410e-48
1.572100000e+02 3.484942240e-48
1.575700000e+02 3.480836490e-48
1.579300000e+02 3.476733160e-48
1.583000000e+02 3.472632250e-48
1.586600000e+02 3.468906250e-48
1.590300000e+02 3.464809960e-48
1.593900000e+02 3.460716090e-48
1.597600000e+02 3.456996490e-48
1.601300000e+02 3.452907240e-48
1.605000000e+02 3.449191840e-48
1.608700000e+02 3.445107210e-48
1.612400000e+02 3.441396010e-48
1.616100000e+02 3.437316000e-48
1.619800000e+02 3.433609000e-48
1.623600000e+02 3.429533610e-48
1.627300000e+02 3.425830810e-48
1.631100000e+02 3.422130010e-48
1.634800000e+02 3.418061440e-48
1.638600000e+02 3.414364840e-48
1.642400000e+02 3.410670240e-48
1.646200000e+02 3.406977640e-48
1.650000000e+02 3.403287040e-48
1.653800000e+02 3.399229690e-48
1.657600000e+02 3.395543290e-48
1.661400000e+02 3.391858890e-48
1.665200000e+02 3.388176490e-48
1.669100000e+02 3.384496090e-48
1.672900000e+02 3.380817690e-48
1.676800000e+02 3.377141290e-48
1.680700000e+02 3.373466890e-48
1.684500000e+02 3.369794490e-48
1.688400000e+02 3.366124090e-48
1.692300000e+02 3.362455690e-48
1.696200000e+02 3.359155840e-48
1.700100000e+02 3.355491240e-48
1.704000000e+02 3.351828640e-48
1.708000000e+02 3.348168040e-48
1.711900000e+02 3.344875210e-48
1.715900000e+02 3.341218410e-48
1.719800000e+02 3.337563610e-48
1.723800000e+02 3.334276000e-48
1.727800000e+02 3.330625000e-48
1.731700000e+02 3.327340810e-48
1.735700000e+02 3.323693610e-48
1.739700000e+02 3.320412840e-48
1.743700000e+02 3.316769440e-48
1.747800000e+02 3.313492090e-48
1.751800000e+02 3.309852490e-48
1.755800000e+02 3.306578560e-48
1.759900000e+02 3.303306250e-48
1.763900000e+02 3.299672250e-48
1.768000000e+02 3.296403360e-48
1.772100000e+02 3.293136090e-48
1.776200000e+02 3.289507690e-48
1.780300000e+02 3.286243840e-48
1.784400000e+02 3.282981610e-48
1.788500000e+02 3.279721000e-48
1.792600000e+02 3.276462010e-48
1.796800000e+02 3.273204640e-48
1.800900000e+02 3.269948890e-48
1.805000000e+02 3.266694760e-48
1.809200000e+02 3.263442250e-48
1.813400000e+02 3.260191360e-48
1.817600000e+02 3.256942090e-48
1.821800000e+02 3.253694440e-48
1.826000000e+02 3.250448410e-48
1.830200000e+02 3.247204000e-48
1.834400000e+02 3.243961210e-48
1.838600000e+02 3.241080090e-48
1.842900000e+02 3.237840360e-48
1.847100000e+02 3.234602250e-48
1.851400000e+02 3.231365760e-48
1.855600000e+02 3.228490240e-48
1.859900000e+02 3.225256810e-48
1.864200000e+02 3.222384010e-48
1.868500000e+02 3.219153640e-48
1.872800000e+02 3.216283560e-48
1.877100000e+02 3.213056250e-48
1.881500000e+02 3.210188890e-48
1.885800000e+02 3.206964640e-48
1.890100000e+02 3.204100000e-48
1.894500000e+02 3.200878810e-48
1.898900000e+02 3.198016890e-48
1.903300000e+02 3.195156250e-48
1.907600000e+02 3.191939560e-48
1.912000000e+02 3.189081640e-48
1.916500000e+02 3.186225000e-48
1.920900000e+02 3.183369640e-48
1.925300000e+02 3.180158890e-48
1.929700000e+02 3.177306250e-48
1.934200000e+02 3.174454890e-48
1.938700000e+02 3.171604810e-48
1.943100000e+02 3.168756010e-48
1.947600000e+02 3.165908490e-48
1.952100000e+02 3.163062250e-48
1.956600000e+02 3.160217290e-48
1.961100000e+02 3.157373610e-48
1.965600000e+02 3.154531210e-48
1.970200000e+02 3.151690090e-48
1.974700000e+02 3.148850250e-48
1.979300000e+02 3.146366440e-48
1.983800000e+02 3.143529000e-48
1.988400000e+02 3.140692840e-48
1.993000000e+02 3.137857960e-48
1.997600000e+02 3.135378490e-48
2.002200000e+02 3.132546010e-48
2.006800000e+02 3.129714810e-48
2.011400000e+02 3.127238560e-48
2.016100000e+02 3.124409760e-48
2.020700000e+02 3.121935610e-48
2.025400000e+02 3.119109210e-48
2.030000000e+02 3.116637160e-48
2.034700000e+02 3.113813160e-48
2.039400000e+02 3.111343210e-48
2.044100000e+02 3.108521610e-48
2.048800000e+02 3.106053760e-48
2.053600000e+02 3.103586890e-48
2.058300000e+02 3.100768810e-48
2.063000000e+02 3.098304040e-48
2.067800000e+02 3.095840250e-48
2.072600000e+02 3.093377440e-48
2.077300000e+02 3.090915610e-48
2.082100000e+02 3.088103290e-48
2.086900000e+02 3.085643560e-48
2.091800000e+02 3.083184810e-48
2.096600000e+02 3.080727040e-48
2.101400000e+02 3.078270250e-48
2.106300000e+02 3.075814440e-48
2.111100000e+02 3.073359610e-48
2.116000000e+02 3.070905760e-48
2.120900000e+02 3.068452890e-48
2.125800000e+02 3.066351210e-48
2.130700000e+02 3.063900160e-48
2.135600000e+02 3.061450090e-48
2.140500000e+02 3.059001000e-48
2.145400000e+02 3.056552890e-48
2.150400000e+02 3.054455290e-48
2.155300000e+02 3.052009000e-48
2.160300000e+02 3.049563690e-48
2.165300000e+02 3.047468490e-48
2.170300000e+02 3.045025000e-48
2.175300000e+02 3.042931360e-48
2.180300000e+02 3.040489690e-48
2.185300000e+02 3.038397610e-48
2.190400000e+02 3.035957760e-48
2.195400000e+02 3.033867240e-48
2.200500000e+02 3.031429210e-48
2.205600000e+02 3.029340250e-48
2.210600000e+02 3.027252010e-48
2.215700000e+02 3.025164490e-48
2.220800000e+02 3.022729960e-48
2.226000000e+02 3.020644000e-48
2.231100000e+02 3.018558760e-48
2.236200000e+02 3.016474240e-48
2.241400000e+02 3.014390440e-48
2.246600000e+02 3.011960250e-48
2.251800000e+02 3.009878010e-48
2.256900000e+02 3.007796490e-48
2.262200000e+02 3.005715690e-48
2.267400000e+02 3.003635610e-48
2.272600000e+02 3.001902760e-48
2.277800000e+02 2.999824000e-48
2.283100000e+02 2.997745960e-48
2.288400000e+02 2.995668640e-48
2.293600000e+02 2.993592040e-48
2.298900000e+02 2.991516160e-48
2.304200000e+02 2.989786810e-48
2.309500000e+02 2.987712250e-48
2.314900000e+02 2.985638410e-48
2.320200000e+02 2.983910760e-48
2.325600000e+02 2.981838240e-48
2.330900000e+02 2.979766440e-48
2.336300000e+02 2.978040490e-48
2.341700000e+02 2.975970010e-48
2.347100000e+02 2.974245160e-48
2.352500000e+02 2.972520810e-48
2.357900000e+02 2.970452250e-48
2.363400000e+02 2.968729000e-48
2.368800000e+02 2.966661760e-48
2.374300000e+02 2.964939610e-48
2.379700000e+02 2.963217960e-48
2.385200000e+02 2.961496810e-48
2.390700000e+02 2.959432090e-48
2.396200000e+02 2.957712040e-48
2.401800000e+02 2.955992490e-48
2.407300000e+02 2.954273440e-48
2.412900000e+02 2.952554890e-48
2.418400000e+02 2.950836840e-48
2.424000000e+02 2.949119290e-48
2.429600000e+02 2.947402240e-48
2.435200000e+02 2.945685690e-48
2.440800000e+02 2.943969640e-48
2.446400000e+02 2.942254090e-48
2.452100000e+02 2.940539040e-48
2.457700000e+02 2.939167360e-48
2.463400000e+02 2.937453210e-48
2.469100000e+02 2.935739560e-48
2.474800000e+02 2.934369000e-48
2.480500000e+02 2.932656250e-48
2.486200000e+02 2.930944000e-48
2.491900000e+02 2.929574560e-48
2.497700000e+02 2.927863210e-48
2.503400000e+02 2.926494490e-48
2.509200000e+02 2.924784040e-48
2.515000000e+02 2.923416040e-48
2.520800000e+02 2.921706490e-48
2.526600000e+02 2.920339210e-48
2.532400000e+02 2.918972250e-48
2.538300000e+02 2.917264000e-48
2.544100000e+02 2.915897760e-48
2.550000000e+02 2.914531840e-48
2.555900000e+02 2.913166240e-48
2.561800000e+02 2.911800960e-48
2.567700000e+02 2.910094810e-48
2.573600000e+02 2.908730250e-48
2.579500000e+02 2.907366010e-48
2.585500000e+02 2.906002090e-48
2.591400000e+02 2.904638490e-48
2.597400000e+02 2.903275210e-48
2.603400000e+02 2.901912250e-48
2.609400000e+02 2.900890240e-48
2.615400000e+02 2.899527840e-48
2.621500000e+02 2.898165760e-48
2.627500000e+02 2.896804000e-48
2.633600000e+02 2.895782890e-48
2.639600000e+02 2.894421690e-48
2.645700000e+02 2.893060810e-48
2.651800000e+02 2.892040360e-48
2.657900000e+02 2.890680040e-48
2.664100000e+02 2.889320040e-48
2.670200000e+02 2.888300250e-48
2.676400000e+02 2.887280640e-48
2.682500000e+02 2.885921440e-48
2.688700000e+02 2.884902250e-48
2.694900000e+02 2.883543610e-48
2.701100000e+02 2.882524840e-48
2.707400000e+02 2.881506250e-48
2.713600000e+02 2.880487840e-48
2.719900000e+02 2.879130240e-48
2.726100000e+02 2.878112250e-48
2.732400000e+02 2.877094440e-48
2.738700000e+02 2.876076810e-48
2.745000000e+02 2.875059360e-48
2.751400000e+02 2.874042090e-48
2.757700000e+02 2.873025000e-48
2.764100000e+02 2.872008090e-48
2.770500000e+02 2.870991360e-48
2.776800000e+02 2.869974810e-48
2.783200000e+02 2.869297210e-48
2.789700000e+02 2.868280960e-48
2.796100000e+02 2.867264890e-48
2.802500000e+02 2.866249000e-48
2.809000000e+02 2.865571840e-48
2.815500000e+02 2.864556250e-48
2.822000000e+02 2.863879290e-48
2.828500000e+02 2.862864000e-48
2.835000000e+02 2.861848890e-48
2.841500000e+02 2.861172250e-48
2.848100000e+02 2.860495690e-48
2.854700000e+02 2.859481000e-48
2.861300000e+02 2.858804640e-48
2.867800000e+02 2.858128360e-48
2.874500000e+02 2.857114090e-48
2.881100000e+02 2.856438010e-48
2.887700000e+02 2.855762010e-48
2.894400000e+02 2.855086090e-48
2.901100000e+02 2.854410250e-48
2.907800000e+02 2.853734490e-48
2.914500000e+02 2.853058810e-48
2.921200000e+02 2.852383210e-48
2.927900000e+02 2.851707690e-48
2.934700000e+02 2.851032250e-48
2.941400000e+02 2.850356890e-48
2.948200000e+02 2.849681610e-48
2.955000000e+02 2.849006410e-48
2.961800000e+02 2.848668840e-48
2.968700000e+02 2.847993760e-48
2.975500000e+02 2.847318760e-48
2.982400000e+02 2.846981290e-48
2.989200000e+02 2.846306410e-48
2.996100000e+02 2.845969000e-48
3.003100000e+02 2.845294240e-48
3.010000000e+02 2.844956890e-48
3.016900000e+02 2.844282250e-48
3.023900000e+02 2.843944960e-48
3.030800000e+02 2.843607690e-48
3.037800000e+02 2.843270440e-48
3.044800000e+02 2.842596000e-48
3.051900000e+02 2.842258810e-48
3.058900000e+02 2.841921640e-48
3.066000000e+02 2.841584490e-48
3.073000000e+02 2.841247360e-48
3.080100000e+02 2.840910250e-48
3.087200000e+02 2.840573160e-48
3.094300000e+02 2.840236090e-48
3.101500000e+02 2.839899040e-48
3.108600000e+02 2.839562010e-48
3.115800000e+02 2.839225000e-48
3.123000000e+02 2.839225000e-48
3.130200000e+02 2.838888010e-48
3.137400000e+02 2.838551040e-48
3.144600000e+02 2.838551040e-48
3.151900000e+02 2.838214090e-48
3.159100000e+02 2.838214090e-48
3.166400000e+02 2.837877160e-48
3.173700000e+02 2.837877160e-48
3.181100000e+02 2.837540250e-48
3.188400000e+02 2.837540250e-48
3.195700000e+02 2.837540250e-48
3.203100000e+02 2.837203360e-48
3.210500000e+02 2.837203360e-48
3.217900000e+02 2.837203360e-48
3.225300000e+02 2.837203360e-48
3.232800000e+02 2.837203360e-48
3.240200000e+02 2.837203360e-48
3.247700000e+02 2.837203360e-48
3.255200000e+02 2.837203360e-48
3.262700000e+02 2.837203360e-48
3.270200000e+02 2.837203360e-48
3.277700000e+02 2.837203360e-48
3.285300000e+02 2.837540250e-48
3.292900000e+02 2.837540250e-48
3.300500000e+02 2.837540250e-48
3.308100000e+02 2.837877160e-48
3.315700000e+02 2.837877160e-48
3.323400000e+02 2.838214090e-48
3.331000000e+02 2.838214090e-48
3.338700000e+02 2.838551040e-48
3.346400000e+02 2.838551040e-48
3.354100000e+02 2.838888010e-48
3.361900000e+02 2.839225000e-48
3.369600000e+02 2.839225000e-48
3.377400000e+02 2.839562010e-48
3.385200000e+02 2.839899040e-48
3.393000000e+02 2.840236090e-48
3.400800000e+02 2.840573160e-48
3.408600000e+02 2.840910250e-48
3.416500000e+02 2.841247360e-48
3.424400000e+02 2.841584490e-48
3.432300000e+02 2.841921640e-48
3.440200000e+02 2.842258810e-48
3.448100000e+02 2.842933210e-48
3.456100000e+02 2.843270440e-48
3.464000000e+02 2.843607690e-48
3.472000000e+02 2.844282250e-48
3.480000000e+02 2.844619560e-48
3.488100000e+02 2.845294240e-48
3.496100000e+02 2.845631610e-48
3.504200000e+02 2.846306410e-48
3.512300000e+02 2.846643840e-48
3.520400000e+02 2.847318760e-48
3.528500000e+02 2.847993760e-48
3.536600000e+02 2.848668840e-48
3.544800000e+02 2.849344000e-48
3.552900000e+02 2.849681610e-48
3.561100000e+02 2.850356890e-48
3.569300000e+02 2.851032250e-48
3.577600000e+02 2.851707690e-48
3.585800000e+02 2.852721000e-48
3.594100000e+02 2.853396640e-48
3.602400000e+02 2.854072360e-48
3.610700000e+02 2.854748160e-48
3.619000000e+02 2.855424040e-48
3.627400000e+02 2.856438010e-48
3.635700000e+02 2.857114090e-48
3.644100000e+02 2.858128360e-48
3.652500000e+02 2.858804640e-48
3.660900000e+02 2.859819210e-48
3.669400000e+02 2.860495690e-48
3.677800000e+02 2.861510560e-48
3.686300000e+02 2.862525610e-48
3.694800000e+02 2.863540840e-48
3.703300000e+02 2.864217760e-48
3.711900000e+02 2.865233290e-48
3.720400000e+02 2.866249000e-48
3.729000000e+02 2.867264890e-48
3.737600000e+02 2.868280960e-48
3.746200000e+02 2.869297210e-48
3.754900000e+02 2.870652490e-48
3.763500000e+02 2.871669160e-48
3.772200000e+02 2.872686010e-48
3.780900000e+02 2.873703040e-48
3.789600000e+02 2.875059360e-48
3.798400000e+02 2.876076810e-48
3.807100000e+02 2.877433690e-48
3.815900000e+02 2.878451560e-48
3.824700000e+02 2.879809000e-48
3.833500000e+02 2.880827290e-48
3.842400000e+02 2.882185290e-48
3.851200000e+02 2.883543610e-48
3.860100000e+02 2.884902250e-48
3.869000000e+02 2.885921440e-48
3.877900000e+02 2.887280640e-48
3.886900000e+02 2.888640160e-48
3.895800000e+02 2.890000000e-48
3.904800000e+02 2.891700250e-48
3.913800000e+02 2.893060810e-48
3.922800000e+02 2.894421690e-48
3.931900000e+02 2.895782890e-48
3.941000000e+02 2.897144410e-48
3.950000000e+02 2.898846760e-48
3.959200000e+02 2.900209000e-48
3.968300000e+02 2.901912250e-48
3.977400000e+02 2.903275210e-48
3.986600000e+02 2.904979360e-48
3.995800000e+02 2.906684010e-48
4.005000000e+02 2.908048090e-48
4.014300000e+02 2.909753640e-48
4.023500000e+02 2.911459690e-48
4.032800000e+02 2.913166240e-48
4.042100000e+02 2.914873290e-48
4.051400000e+02 2.916580840e-48
4.060800000e+02 2.918288890e-48
4.070100000e+02 2.919997440e-48
4.079500000e+02 2.921706490e-48
4.088900000e+02 2.923416040e-48
4.098300000e+02 2.925468160e-48
4.107800000e+02 2.927178810e-48
4.117300000e+02 2.929232250e-48
4.126800000e+02 2.930944000e-48
4.136300000e+02 2.932998760e-48
4.145800000e+02 2.934711610e-48
4.155400000e+02 2.936767690e-48
4.165000000e+02 2.938824490e-48
4.174600000e+02 2.940539040e-48
4.184200000e+02 2.942597160e-48
4.193800000e+02 2.944656000e-48
4.203500000e+02 2.946715560e-48
4.213200000e+02 2.948775840e-48
4.222900000e+02 2.950836840e-48
4.232700000e+02 2.953242250e-48
4.242400000e+02 2.955304810e-48
4.252200000e+02 2.957368090e-48
4.262000000e+02 2.959432090e-48
4.271800000e+02 2.961841000e-48
4.281700000e+02 2.963906560e-48
4.291600000e+02 2.966317290e-48
4.301500000e+02 2.968729000e-48
4.311400000e+02 2.970796960e-48
4.321300000e+02 2.973210490e-48
4.331300000e+02 2.975625000e-48
4.341300000e+02 2.978040490e-48
4.351300000e+02 2.980456960e-48
4.361300000e+02 2.982874410e-48
4.371400000e+02 2.985292840e-48
4.381400000e+02 2.987712250e-48
4.391600000e+02 2.990132640e-48
4.401700000e+02 2.992554010e-48
4.411800000e+02 2.994976360e-48
4.422000000e+02 2.997745960e-48
4.432200000e+02 3.000170410e-48
4.442400000e+02 3.002942410e-48
4.452700000e+02 3.005368960e-48
4.462900000e+02 3.008143360e-48
4.473200000e+02 3.010919040e-48
4.483500000e+02 3.013696000e-48
4.493900000e+02 3.016126890e-48
4.504200000e+02 3.018906250e-48
4.514600000e+02 3.021686890e-48
4.525000000e+02 3.024468810e-48
4.535500000e+02 3.027600000e-48
4.545900000e+02 3.030384640e-48
4.556400000e+02 3.033170560e-48
4.566900000e+02 3.035957760e-48
4.577500000e+02 3.039094890e-48
4.588000000e+02 3.041884810e-48
4.598600000e+02 3.045025000e-48
4.609200000e+02 3.048166810e-48
4.619800000e+02 3.050960890e-48
4.630500000e+02 3.054105760e-48
4.641200000e+02 3.057252250e-48
4.651900000e+02 3.060400360e-48
4.662600000e+02 3.063550090e-48
4.673300000e+02 3.066701440e-48
4.684100000e+02 3.069854410e-48
4.694900000e+02 3.073359610e-48
4.705700000e+02 3.076516000e-48
4.716600000e+02 3.079674010e-48
4.727500000e+02 3.083184810e-48
4.738400000e+02 3.086697610e-48
4.749300000e+02 3.090212410e-48
4.760200000e+02 3.093729210e-48
4.771200000e+02 3.097248010e-48
4.782200000e+02 3.100768810e-48
4.793300000e+02 3.104291610e-48
4.804300000e+02 3.108169000e-48
4.815400000e+02 3.112048810e-48
4.826500000e+02 3.115931040e-48
4.837600000e+02 3.120168960e-48
4.848800000e+02 3.124409760e-48
4.860000000e+02 3.129007210e-48
4.871200000e+02 3.133962090e-48
4.882400000e+02 3.139629610e-48
4.893700000e+02 3.146366440e-48
4.904900000e+02 3.155241690e-48
4.916300000e+02 3.167688040e-48
4.927600000e+02 3.189796000e-48
4.939000000e+02 3.241440160e-48
4.950300000e+02 3.453278890e-48
4.961800000e+02 1.172172169e-47
4.973200000e+02 3.908924410e-48
4.984700000e+02 3.305124000e-48
4.996200000e+02 3.225616000e-48
5.007700000e+02 3.203026090e-48
5.019200000e+02 3.195513760e-48
5.030800000e+02 3.193369000e-48
5.042400000e+02 3.193726410e-48
5.054000000e+02 3.195513760e-48
5.065700000e+02 3.198374560e-48
5.077400000e+02 3.201236640e-48
5.089100000e+02 3.204816040e-48
5.100800000e+02 3.208397440e-48
5.112600000e+02 3.211980840e-48
5.124400000e+02 3.215924890e-48
5.136200000e+02 3.219871360e-48
5.148000000e+02 3.223820250e-48
5.159900000e+02 3.228130890e-48
5.171800000e+02 3.232444410e-48
5.183700000e+02 3.236760810e-48
5.195700000e+02 3.241080090e-48
5.207700000e+02 3.245402250e-48
5.219700000e+02 3.249727290e-48
5.231700000e+02 3.254055210e-48
5.243800000e+02 3.258747040e-48
5.255900000e+02 3.263080960e-48
5.268000000e+02 3.267779290e-48
5.280100000e+02 3.272481000e-48
5.292300000e+02 3.277186090e-48
5.304500000e+02 3.281894560e-48
5.316700000e+02 3.286606410e-48
5.329000000e+02 3.291321640e-48
5.341300000e+02 3.296040250e-48
5.353600000e+02 3.300762240e-48
5.366000000e+02 3.305851240e-48
5.378300000e+02 3.310580250e-48
5.390700000e+02 3.315676810e-48
5.403200000e+02 3.320412840e-48
5.415600000e+02 3.325516960e-48
5.428100000e+02 3.330625000e-48
5.440600000e+02 3.335736960e-48
5.453200000e+02 3.340852840e-48
5.465700000e+02 3.345972640e-48
5.478400000e+02 3.351096360e-48
5.491000000e+02 3.356224000e-48
5.503600000e+02 3.361355560e-48
5.516300000e+02 3.366858010e-48
5.529100000e+02 3.371997690e-48
5.541800000e+02 3.377508840e-48
5.554600000e+02 3.382656640e-48
5.567400000e+02 3.388176490e-48
5.580200000e+02 3.393700840e-48
5.593100000e+02 3.399229690e-48
5.606000000e+02 3.404763040e-48
5.618900000e+02 3.410300890e-48
5.631900000e+02 3.415843240e-48
5.644900000e+02 3.421390090e-48
5.657900000e+02 3.426941440e-48
5.670900000e+02 3.432867840e-48
5.684000000e+02 3.438428490e-48
5.697100000e+02 3.444364810e-48
5.710300000e+02 3.449934760e-48
5.723400000e+02 3.455881000e-48
5.736600000e+02 3.461832360e-48
5.749900000e+02 3.467788840e-48
5.763100000e+02 3.473750440e-48
5.776400000e+02 3.479717160e-48
5.789700000e+02 3.485689000e-48
5.803100000e+02 3.491665960e-48
5.816500000e+02 3.498022090e-48
5.829900000e+02 3.504009610e-48
5.843300000e+02 3.510376960e-48
5.856800000e+02 3.516375040e-48
5.870300000e+02 3.522753610e-48
5.883800000e+02 3.529137960e-48
5.897400000e+02 3.535152040e-48
5.911000000e+02 3.541547610e-48
5.924600000e+02 3.547948960e-48
5.938300000e+02 3.554356090e-48
5.952000000e+02 3.561146410e-48
5.965700000e+02 3.567565440e-48
5.979500000e+02 3.573990250e-48
5.993300000e+02 3.580799290e-48
6.007100000e+02 3.587236000e-48
6.020900000e+02 3.594057640e-48
6.034800000e+02 3.600885760e-48
6.048700000e+02 3.607720360e-48
6.062700000e+02 3.614181210e-48
6.076700000e+02 3.621028410e-48
6.090700000e+02 3.628263040e-48
6.104700000e+02 3.635123560e-48
6.118800000e+02 3.641990560e-48
6.132900000e+02 3.648864040e-48
6.147000000e+02 3.656126410e-48
6.161200000e+02 3.663013210e-48
6.175400000e+02 3.670289640e-48
6.189700000e+02 3.677573290e-48
6.203900000e+02 3.684864160e-48
6.218300000e+02 3.692162250e-48
6.232600000e+02 3.699467560e-48
6.247000000e+02 3.706780090e-48
6.261400000e+02 3.714099840e-48
6.275800000e+02 3.721426810e-48
6.290300000e+02 3.728761000e-48
6.304800000e+02 3.736489000e-48
6.319300000e+02 3.744225000e-48
6.333900000e+02 3.751581610e-48
6.348500000e+02 3.759333210e-48
6.363100000e+02 3.767092810e-48
6.377800000e+02 3.774860410e-48
6.392500000e+02 3.782636010e-48
6.407300000e+02 3.790419610e-48
6.422000000e+02 3.798211210e-48
6.436800000e+02 3.806010810e-48
6.451700000e+02 3.814209000e-48
6.466600000e+02 3.822025000e-48
6.481500000e+02 3.830240410e-48
6.496400000e+02 3.838464640e-48
6.511400000e+02 3.846305440e-48
6.526400000e+02 3.854546890e-48
6.541500000e+02 3.862797160e-48
6.556600000e+02 3.871056250e-48
6.571700000e+02 3.879324160e-48
6.586800000e+02 3.887995240e-48
6.602000000e+02 3.896281210e-48
6.617200000e+02 3.904971210e-48
6.632500000e+02 3.913275240e-48
6.647800000e+02 3.921984160e-48
6.663100000e+02 3.930702760e-48
6.678500000e+02 3.939034090e-48
6.693900000e+02 3.947771610e-48
6.709300000e+02 3.956518810e-48
6.724800000e+02 3.965673960e-48
6.740300000e+02 3.974440960e-48
6.755900000e+02 3.983217640e-48
6.771400000e+02 3.992403610e-48
6.787000000e+02 4.001200090e-48
6.802700000e+02 4.010406760e-48
6.818400000e+02 4.019624010e-48
6.834100000e+02 4.028450410e-48
6.849900000e+02 4.037688360e-48
6.865700000e+02 4.046936890e-48
6.881500000e+02 4.056598810e-48
6.897400000e+02 4.065868960e-48
6.913300000e+02 4.075149690e-48
6.929200000e+02 4.084845210e-48
6.945200000e+02 4.094147560e-48
6.961200000e+02 4.103865640e-48
6.977300000e+02 4.113595240e-48
6.993300000e+02 4.122930250e-48
7.009500000e+02 4.132682410e-48
7.025600000e+02 4.142446090e-48
7.041800000e+02 4.152628840e-48
7.058100000e+02 4.162416040e-48
7.074400000e+02 4.172214760e-48
7.090700000e+02 4.182434010e-48
7.107000000e+02 4.192256250e-48
7.123400000e+02 4.202500000e-48
7.139800000e+02 4.212756250e-48
7.156300000e+02 4.223025000e-48
7.172800000e+02 4.233306250e-48
7.189300000e+02 4.243600000e-48
7.205900000e+02 4.253906250e-48
7.222500000e+02 4.264225000e-48
7.239200000e+02 4.274969760e-48
7.255900000e+02 4.285314010e-48
7.272600000e+02 4.296085290e-48
7.289400000e+02 4.306455040e-48
7.306200000e+02 4.317252840e-48
7.323000000e+02 4.328064160e-48
7.339900000e+02 4.338889000e-48
7.356900000e+02 4.349727360e-48
7.373800000e+02 4.360996890e-48
7.390800000e+02 4.371862810e-48
7.407900000e+02 4.382742250e-48
7.425000000e+02 4.394054440e-48
7.442100000e+02 4.405381210e-48
7.459200000e+02 4.416302250e-48
7.476400000e+02 4.427657640e-48
7.493700000e+02 4.439027610e-48
7.511000000e+02 4.450412160e-48
7.528300000e+02 4.462233760e-48
7.545600000e+02 4.473648010e-48
7.563000000e+02 4.485076840e-48
7.580500000e+02 4.496944360e-48
7.598000000e+02 4.508827560e-48
7.615500000e+02 4.520301210e-48
7.633000000e+02 4.532215210e-48
7.650600000e+02 4.544144890e-48
7.668300000e+02 4.556090250e-48
7.686000000e+02 4.568478760e-48
7.703700000e+02 4.580456040e-48
7.721500000e+02 4.592449000e-48
7.739300000e+02 4.604886810e-48
7.757100000e+02 4.616911690e-48
7.775000000e+02 4.629382560e-48
7.792900000e+02 4.641870250e-48
7.810900000e+02 4.654374760e-48
7.828900000e+02 4.666896090e-48
7.847000000e+02 4.679434240e-48
7.865100000e+02 4.692422440e-48
7.883200000e+02 4.704994810e-48
7.901400000e+02 4.718018410e-48
7.919600000e+02 4.730625000e-48
7.937900000e+02 4.743684000e-48
7.956200000e+02 4.756761000e-48
7.974500000e+02 4.769856000e-48
7.992900000e+02 4.782969000e-48
8.011300000e+02 4.796100000e-48
8.029800000e+02 4.809687610e-48
8.048300000e+02 4.822855210e-48
8.066900000e+02 4.836480640e-48
8.085500000e+02 4.849684840e-48
8.104100000e+02 4.863348090e-48
8.122800000e+02 4.877030560e-48
8.141600000e+02 4.890732250e-48
8.160300000e+02 4.904453160e-48
8.179100000e+02 4.918636840e-48
8.198000000e+02 4.932396810e-48
8.216900000e+02 4.946176000e-48
8.235900000e+02 4.960419840e-48
8.254900000e+02 4.974684160e-48
8.273900000e+02 4.988968960e-48
8.293000000e+02 5.003274240e-48
8.312100000e+02 5.017600000e-48
8.331300000e+02 5.031946240e-48
8.350500000e+02 5.046312960e-48
8.369700000e+02 5.061150090e-48
8.389000000e+02 5.075558410e-48
8.408400000e+02 5.090438440e-48
8.427800000e+02 5.105340250e-48
8.447200000e+02 5.119811290e-48
8.466700000e+02 5.135209210e-48
8.486200000e+02 5.150176360e-48
8.505800000e+02 5.165165290e-48
8.525400000e+02 5.180176000e-48
8.545000000e+02 5.195664360e-48
8.564700000e+02 5.210719290e-48
8.584500000e+02 5.226253210e-48
8.604300000e+02 5.241810250e-48
8.624100000e+02 5.257390410e-48
8.644000000e+02 5.272993690e-48
8.664000000e+02 5.288620090e-48
8.683900000e+02 5.304730240e-48
8.704000000e+02 5.320403560e-48
8.724000000e+02 5.336562010e-48
8.744100000e+02 5.352744960e-48
8.764300000e+02 5.368489000e-48
8.784500000e+02 5.384720250e-48
8.804800000e+02 5.400976000e-48
8.825100000e+02 5.417721760e-48
8.845400000e+02 5.434027210e-48
8.865800000e+02 5.450357160e-48
8.886300000e+02 5.467179240e-48
8.906800000e+02 5.484027240e-48
8.927300000e+02 5.500901160e-48
8.947900000e+02 5.517801000e-48
8.968500000e+02 5.534726760e-48
8.989200000e+02 5.551678440e-48
9.009900000e+02 5.568656040e-48
9.030700000e+02 5.586132250e-48
9.051500000e+02 5.603162410e-48
9.072400000e+02 5.620692640e-48
9.093300000e+02 5.638250250e-48
9.114300000e+02 5.655835240e-48
9.135300000e+02 5.673447610e-48
9.156400000e+02 5.691087360e-48
9.177500000e+02 5.708754490e-48
9.198700000e+02 5.726927610e-48
9.219900000e+02 5.745129610e-48
9.241100000e+02 5.762880360e-48
9.262500000e+02 5.781139360e-48
9.283800000e+02 5.799427240e-48
9.305200000e+02 5.817744000e-48
9.326700000e+02 5.836089640e-48
9.348200000e+02 5.854948090e-48
9.369700000e+02 5.873352250e-48
9.391300000e+02 5.892270760e-48
9.413000000e+02 5.911219690e-48
9.434700000e+02 5.930199040e-48
9.456500000e+02 5.949208810e-48
9.478300000e+02 5.968249000e-48
9.500100000e+02 5.987319610e-48
9.522000000e+02 6.006910810e-48
9.544000000e+02 6.026043040e-48
9.566000000e+02 6.045697440e-48
9.588100000e+02 6.065383840e-48
9.610200000e+02 6.085102240e-48
9.632300000e+02 6.104852640e-48
9.654500000e+02 6.124635040e-48
9.676800000e+02 6.144449440e-48
9.699100000e+02 6.164792410e-48
9.721500000e+02 6.184671610e-48
9.743900000e+02 6.205081000e-48
9.766400000e+02 6.225524010e-48
9.788900000e+02 6.246500490e-48
9.811500000e+02 6.267011560e-48
9.834100000e+02 6.288057760e-48
9.856800000e+02 6.309139240e-48
9.879500000e+02 6.331765690e-48
9.902300000e+02 6.360484000e-48
9.925100000e+02 6.954296410e-48
9.948000000e+02 6.411530410e-48
9.971000000e+02 6.417608890e-48
9.993900000e+02 6.436369000e-48
1.001700000e+03 6.457189210e-48
1.004000000e+03 6.478552090e-48
1.006300000e+03 6.499950250e-48
1.008600000e+03 6.521894440e-48
1.011000000e+03 6.543364000e-48
1.013300000e+03 6.565381290e-48
1.015600000e+03 6.587435560e-48
1.018000000e+03 6.610041000e-48
1.020300000e+03 6.632170090e-48
1.022700000e+03 6.654852090e-48
1.025000000e+03 6.677056000e-48
1.027400000e+03 6.699814560e-48
1.029800000e+03 6.722611840e-48
1.032100000e+03 6.745447840e-48
1.034500000e+03 6.768842890e-48
1.036900000e+03 6.791757210e-48
1.039300000e+03 6.815232360e-48
1.041700000e+03 6.838225000e-48
1.044100000e+03 6.861780250e-48
1.046500000e+03 6.885376000e-48
1.048900000e+03 6.909012250e-48
1.051300000e+03 6.933215610e-48
1.053800000e+03 6.956933760e-48
1.056200000e+03 6.981220840e-48
1.058600000e+03 7.005020890e-48
1.061100000e+03 7.029391690e-48
1.063500000e+03 7.053804810e-48
1.066000000e+03 7.078260250e-48
1.068400000e+03 7.103291040e-48
1.070900000e+03 7.127832040e-48
1.073400000e+03 7.152950250e-48
1.075800000e+03 7.177576810e-48
1.078300000e+03 7.202782440e-48
1.080800000e+03 7.228032250e-48
1.083300000e+03 7.253326240e-48
1.085800000e+03 7.279204000e-48
1.088300000e+03 7.304587290e-48
1.090800000e+03 7.330556250e-48
1.093300000e+03 7.356028840e-48
1.095800000e+03 7.382089000e-48
1.098400000e+03 7.408195240e-48
1.100900000e+03 7.434892890e-48
1.103400000e+03 7.461092250e-48
1.106000000e+03 7.487337690e-48
1.108500000e+03 7.514177440e-48
1.111100000e+03 7.541065210e-48
1.113700000e+03 7.568001000e-48
1.116200000e+03 7.594984810e-48
1.118800000e+03 7.622016640e-48
1.121400000e+03 7.649096490e-48
1.124000000e+03 7.676778490e-48
1.126600000e+03 7.703955360e-48
1.129200000e+03 7.731736360e-48
1.131800000e+03 7.759567360e-48
1.134400000e+03 7.787448360e-48
1.137000000e+03 7.815938490e-48
1.139600000e+03 7.843920490e-48
1.142200000e+03 7.871952490e-48
1.144900000e+03 7.900596640e-48
1.147500000e+03 7.929292810e-48
1.150200000e+03 7.958041000e-48
1.152800000e+03 7.986841210e-48
1.155500000e+03 8.016259690e-48
1.158100000e+03 8.045164960e-48
1.160800000e+03 8.074690560e-48
1.163500000e+03 8.103700890e-48
1.166200000e+03 8.133333610e-48
1.168900000e+03 8.163591840e-48
1.171500000e+03 8.193333760e-48
1.174200000e+03 8.223129760e-48
1.177000000e+03 8.253554410e-48
1.179700000e+03 8.283459610e-48
1.182400000e+03 8.313995560e-48
1.185100000e+03 8.344587690e-48
1.187900000e+03 8.375814810e-48
1.190600000e+03 8.406520360e-48
1.193300000e+03 8.437282090e-48
1.196100000e+03 8.468682010e-48
1.198800000e+03 8.500140250e-48
1.201600000e+03 8.531656810e-48
1.204400000e+03 8.563231690e-48
1.207200000e+03 8.594864890e-48
1.209900000e+03 8.627143840e-48
1.212700000e+03 8.658894760e-48
1.215500000e+03 8.691293610e-48
1.218300000e+03 8.723752960e-48
1.221100000e+03 8.756272810e-48
1.224000000e+03 8.788853160e-48
1.226800000e+03 8.822088040e-48
1.229600000e+03 8.854790490e-48
1.232400000e+03 8.888149690e-48
1.235300000e+03 8.921571610e-48
1.238100000e+03 8.955056250e-48
1.241000000e+03 8.988603610e-48
1.243900000e+03 9.022213690e-48
1.246700000e+03 9.056488360e-48
1.249600000e+03 9.090828010e-48
1.252500000e+03 9.125232640e-48
1.255400000e+03 9.159702250e-48
1.258300000e+03 9.194236840e-48
1.261200000e+03 9.228836410e-48
1.264100000e+03 9.264109690e-48
1.267000000e+03 9.298840360e-48
1.269900000e+03 9.334247040e-48
1.272800000e+03 9.369721000e-48
1.275800000e+03 9.405262240e-48
1.278700000e+03 9.441485290e-48
1.281700000e+03 9.477162250e-48
1.284600000e+03 9.513523360e-48
1.287600000e+03 9.549954090e-48
1.290500000e+03 9.586454440e-48
1.293500000e+03 9.623024410e-48
1.296500000e+03 9.659664000e-48
1.299500000e+03 9.696996000e-48
1.302500000e+03 9.733776010e-48
1.305500000e+03 9.771250810e-48
1.308500000e+03 9.808797610e-48
1.311500000e+03 9.846416410e-48
1.314500000e+03 9.884736000e-48
1.317600000e+03 9.922500000e-48
1.320600000e+03 9.960967210e-48
1.323700000e+03 9.999508840e-48
1.326700000e+03 1.003812489e-47
1.329800000e+03 1.007681536e-47
1.332800000e+03 1.011621636e-47
1.335900000e+03 1.015505689e-47
1.339000000e+03 1.019461041e-47
1.342100000e+03 1.023424081e-47
1.345200000e+03 1.027394809e-47
1.348300000e+03 1.031373225e-47
1.351400000e+03 1.035423684e-47
1.354500000e+03 1.039417600e-47
1.357600000e+03 1.043483809e-47
1.360800000e+03 1.047557956e-47
1.363900000e+03 1.051640041e-47
1.367000000e+03 1.055730064e-47
1.370200000e+03 1.059893136e-47
1.373400000e+03 1.063999161e-47
1.376500000e+03 1.068178489e-47
1.379700000e+03 1.072366009e-47
1.382900000e+03 1.076561721e-47
1.386100000e+03 1.080831376e-47
1.389300000e+03 1.085043600e-47
1.392500000e+03 1.089330025e-47
1.395700000e+03 1.093624900e-47
1.398900000e+03 1.097928225e-47
1.402100000e+03 1.102240000e-47
1.405400000e+03 1.106626756e-47
1.408600000e+03 1.110955561e-47
1.411800000e+03 1.115359609e-47
1.415100000e+03 1.119772369e-47
1.418400000e+03 1.124193841e-47
1.421600000e+03 1.128691216e-47
1.424900000e+03 1.133130244e-47
1.428200000e+03 1.137645441e-47
1.431500000e+03 1.142169616e-47
1.434800000e+03 1.146702769e-47
1.438100000e+03 1.151244900e-47
1.441400000e+03 1.155796009e-47
1.444700000e+03 1.160424225e-47
1.448100000e+03 1.165061689e-47
1.451400000e+03 1.169708401e-47
1.454800000e+03 1.174364361e-47
1.458100000e+03 1.179029569e-47
1.461500000e+03 1.183772836e-47
1.464800000e+03 1.188525625e-47
1.468200000e+03 1.193287936e-47
1.471600000e+03 1.198059769e-47
1.475000000e+03 1.202841124e-47
1.478400000e+03 1.207701504e-47
1.481800000e+03 1.212571684e-47
1.485200000e+03 1.217521449e-47
1.488700000e+03 1.227801600e-47
1.492100000e+03 1.227451225e-47
1.495500000e+03 1.232150404e-47
1.499000000e+03 1.237069584e-47
1.502400000e+03 1.242069049e-47
1.505900000e+03 1.247078596e-47
1.509400000e+03 1.252098225e-47
1.512900000e+03 1.257198849e-47
1.516300000e+03 1.262238784e-47
1.519800000e+03 1.267360000e-47
1.523300000e+03 1.272491584e-47
1.526900000e+03 1.277633536e-47
1.530400000e+03 1.282785856e-47
1.533900000e+03 1.288020321e-47
1.537400000e+03 1.293193521e-47
1.541000000e+03 1.298449156e-47
1.544500000e+03 1.303787664e-47
1.548100000e+03 1.309064761e-47
1.551700000e+03 1.314352516e-47
1.555300000e+03 1.319723584e-47
1.558800000e+03 1.325105604e-47
1.562400000e+03 1.330498576e-47
1.566000000e+03 1.335902500e-47
1.569600000e+03 1.341390625e-47
1.573300000e+03 1.346816601e-47
1.576900000e+03 1.352327076e-47
1.580500000e+03 1.357848801e-47
1.584200000e+03 1.363455625e-47
1.587800000e+03 1.369000000e-47
1.591500000e+03 1.374629776e-47
1.595200000e+03 1.380271104e-47
1.598800000e+03 1.385923984e-47
1.602500000e+03 1.391588416e-47
1.606200000e+03 1.397339161e-47
1.609900000e+03 1.403026849e-47
1.613600000e+03 1.408801156e-47
1.617400000e+03 1.414587321e-47
1.621100000e+03 1.420385344e-47
1.624800000e+03 1.426270756e-47
1.628600000e+03 1.432168336e-47
1.632300000e+03 1.438078084e-47
1.636100000e+03 1.444000000e-47
1.639900000e+03 1.449934084e-47
1.643600000e+03 1.455880336e-47
1.647400000e+03 1.461915225e-47
1.651200000e+03 1.467962596e-47
1.655000000e+03 1.474022449e-47
1.658900000e+03 1.480171729e-47
1.662700000e+03 1.486256704e-47
1.666500000e+03 1.492431424e-47
1.670400000e+03 1.498618944e-47
1.674200000e+03 1.504819264e-47
1.678100000e+03 1.511032384e-47
1.681900000e+03 1.517336209e-47
1.685800000e+03 1.523653156e-47
1.689700000e+03 1.529983225e-47
1.693600000e+03 1.536326416e-47
1.697500000e+03 1.542682729e-47
1.701400000e+03 1.549130881e-47
1.705400000e+03 1.555592481e-47
1.709300000e+03 1.562067529e-47
1.713200000e+03 1.568556025e-47
1.717200000e+03 1.575137344e-47
1.721100000e+03 1.581732441e-47
1.725100000e+03 1.588261609e-47
1.729100000e+03 1.594963969e-47
1.733100000e+03 1.601600400e-47
1.737100000e+03 1.608330816e-47
1.741100000e+03 1.614994969e-47
1.745100000e+03 1.621753441e-47
1.749100000e+03 1.628606736e-47
1.753100000e+03 1.635393600e-47
1.757200000e+03 1.642275625e-47
1.761200000e+03 1.649172100e-47
1.765300000e+03 1.656083025e-47
1.769400000e+03 1.663008400e-47
1.773500000e+03 1.670029956e-47
1.777500000e+03 1.676984401e-47
1.781600000e+03 1.684035369e-47
1.785800000e+03 1.691101129e-47
1.789900000e+03 1.698264100e-47
1.794000000e+03 1.705442209e-47
1.798100000e+03 1.712552689e-47
1.802300000e+03 1.719760900e-47
1.806400000e+03 1.727067364e-47
1.810600000e+03 1.734306025e-47
1.814800000e+03 1.741643289e-47
1.819000000e+03 1.748996041e-47
1.823200000e+03 1.756364281e-47
1.827400000e+03 1.763832004e-47
1.831600000e+03 1.771231396e-47
1.835800000e+03 1.778730625e-47
1.840000000e+03 1.786245696e-47
1.844300000e+03 1.793861316e-47
1.848500000e+03 1.801408249e-47
1.852800000e+03 1.809056089e-47
1.857100000e+03 1.816720129e-47
1.861300000e+03 1.824400369e-47
1.865600000e+03 1.832182416e-47
1.869900000e+03 1.839981025e-47
1.874300000e+03 1.847710225e-47
1.878600000e+03 1.855627929e-47
1.882900000e+03 1.863476224e-47
1.887200000e+03 1.871427600e-47
1.891600000e+03 1.879395904e-47
1.896000000e+03 1.887381136e-47
1.900300000e+03 1.895383296e-47
1.904700000e+03 1.903489641e-47
1.909100000e+03 1.911525841e-47
1.913500000e+03 1.919754225e-47
1.917900000e+03 1.927912464e-47
1.922300000e+03 1.936088001e-47
1.926800000e+03 1.944369025e-47
1.931200000e+03 1.952667721e-47
1.935700000e+03 1.960984089e-47
1.940100000e+03 1.969406884e-47
1.944600000e+03 1.977758784e-47
1.949100000e+03 1.986217489e-47
1.953600000e+03 1.994783569e-47
1.958100000e+03 2.003278564e-47
1.962600000e+03 2.011881316e-47
1.967100000e+03 2.020502500e-47
1.971700000e+03 2.029142116e-47
1.976200000e+03 2.037800164e-47
1.980800000e+03 2.046567121e-47
1.985300000e+03 2.063248929e-47
1.989900000e+03 2.064157489e-47
1.994500000e+03 2.072980900e-47
1.999100000e+03 2.081914384e-47
2.003700000e+03 2.090867076e-47
2.008300000e+03 2.099838976e-47
2.013000000e+03 2.108830084e-47
2.017600000e+03 2.117932441e-47
2.022300000e+03 2.127054400e-47
2.026900000e+03 2.136195961e-47
2.031600000e+03 2.145357124e-47
2.036300000e+03 2.154630724e-47
2.041000000e+03 2.163831289e-47
2.045700000e+03 2.173237924e-47
2.050400000e+03 2.182571524e-47
2.055100000e+03 2.191925124e-47
2.059900000e+03 2.201392561e-47
2.064600000e+03 2.210880400e-47
2.069400000e+03 2.220482884e-47
2.074200000e+03 2.230011729e-47
2.078900000e+03 2.239655625e-47
2.083700000e+03 2.249320329e-47
2.088500000e+03 2.259100900e-47
2.093400000e+03 2.268807424e-47
2.098200000e+03 2.278630225e-47
2.103000000e+03 2.288474244e-47
2.107900000e+03 2.298435364e-47
2.112700000e+03 2.308322025e-47
2.117600000e+03 2.318326201e-47
2.122500000e+03 2.328352009e-47
2.127400000e+03 2.338496164e-47
2.132300000e+03 2.348662369e-47
2.137200000e+03 2.358753489e-47
2.142100000e+03 2.369060929e-47
2.147100000e+03 2.379293284e-47
2.152000000e+03 2.389645456e-47
2.157000000e+03 2.400020100e-47
2.162000000e+03 2.410417216e-47
2.167000000e+03 2.420935209e-47
2.171900000e+03 2.431377481e-47
2.177000000e+03 2.441941056e-47
2.182000000e+03 2.452626576e-47
2.187000000e+03 2.463236161e-47
2.192100000e+03 2.473968121e-47
2.197100000e+03 2.484723409e-47
2.202200000e+03 2.495601936e-47
2.207300000e+03 2.506404096e-47
2.212300000e+03 2.517329929e-47
2.217400000e+03 2.528279524e-47
2.222600000e+03 2.539353664e-47
2.227700000e+03 2.550452004e-47
2.232800000e+03 2.561574544e-47
2.238000000e+03 2.572721284e-47
2.243100000e+03 2.583892224e-47
2.248300000e+03 2.595189249e-47
2.253500000e+03 2.606510916e-47
2.258700000e+03 2.617959556e-47
2.263900000e+03 2.629330729e-47
2.269100000e+03 2.640829321e-47
2.274300000e+03 2.652353001e-47
2.279600000e+03 2.664004996e-47
2.284800000e+03 2.675682529e-47
2.290100000e+03 2.687385600e-47
2.295400000e+03 2.699114209e-47
2.300700000e+03 2.710972489e-47
2.306000000e+03 2.722752400e-47
2.311300000e+03 2.734767025e-47
2.316600000e+03 2.746703281e-47
2.322000000e+03 2.758770576e-47
2.327300000e+03 2.770864321e-47
2.332700000e+03 2.782984516e-47
2.338100000e+03 2.795236900e-47
2.343500000e+03 2.807410225e-47
2.348900000e+03 2.819716201e-47
2.354300000e+03 2.832155524e-47
2.359700000e+03 2.844622225e-47
2.365200000e+03 2.857116304e-47
2.370600000e+03 2.869637761e-47
2.376100000e+03 2.882186596e-47
2.381600000e+03 2.894870416e-47
2.387100000e+03 2.907582084e-47
2.392600000e+03 2.920429681e-47
2.398100000e+03 2.933197281e-47
2.403600000e+03 2.946101284e-47
2.409200000e+03 2.959142404e-47
2.414700000e+03 2.972103289e-47
2.420300000e+03 2.985201769e-47
2.425900000e+03 2.998329049e-47
2.431500000e+03 3.011594884e-47
2.437100000e+03 3.024780004e-47
2.442700000e+03 3.038214400e-47
2.448300000e+03 3.051568081e-47
2.454000000e+03 3.065061769e-47
2.459600000e+03 3.078474256e-47
2.465300000e+03 3.092138449e-47
2.471000000e+03 3.105721441e-47
2.476700000e+03 3.119445904e-47
2.482400000e+03 3.137904289e-47
2.488100000e+03 3.147097801e-47
2.493800000e+03 3.160913284e-47
2.499600000e+03 3.174871716e-47
2.505400000e+03 3.188973841e-47
2.511100000e+03 3.202994025e-47
2.516900000e+03 3.217158400e-47
2.522700000e+03 3.231467716e-47
2.528500000e+03 3.245694841e-47
2.534400000e+03 3.260067409e-47
2.540200000e+03 3.274471729e-47
2.546100000e+03 3.289022500e-47
2.552000000e+03 3.303490576e-47
2.557800000e+03 3.318105609e-47
2.563700000e+03 3.332868361e-47
2.569600000e+03 3.347548164e-47
2.575600000e+03 3.362492169e-47
2.581500000e+03 3.377353225e-47
2.587500000e+03 3.392247049e-47
2.593400000e+03 3.407290384e-47
2.599400000e+03 3.422484004e-47
2.605400000e+03 3.437594161e-47
2.611400000e+03 3.452855121e-47
2.617400000e+03 3.468149881e-47
2.623500000e+03 3.483596484e-47
2.629500000e+03 3.499077409e-47
2.635600000e+03 3.514592656e-47
2.641700000e+03 3.530142225e-47
2.647800000e+03 3.545845209e-47
2.653900000e+03 3.561583041e-47
2.660000000e+03 3.577475344e-47
2.666100000e+03 3.593283136e-47
2.672300000e+03 3.609245929e-47
2.678400000e+03 3.625364521e-47
2.684600000e+03 3.641519025e-47
2.690800000e+03 3.657709441e-47
2.697000000e+03 3.673935769e-47
2.703200000e+03 3.690319504e-47
2.709500000e+03 3.706739689e-47
2.715700000e+03 3.723196324e-47
2.722000000e+03 3.739811716e-47
2.728200000e+03 3.756464100e-47
2.734500000e+03 3.773153476e-47
2.740800000e+03 3.790002969e-47
2.747200000e+03 3.806890000e-47
2.753500000e+03 3.823814569e-47
2.759800000e+03 3.840900625e-47
2.766200000e+03 3.858024769e-47
2.772600000e+03 3.875187001e-47
2.779000000e+03 3.892512100e-47
2.785400000e+03 3.909875841e-47
2.791800000e+03 3.927278224e-47
2.798200000e+03 3.944719249e-47
2.804700000e+03 3.962324809e-47
2.811200000e+03 3.980095744e-47
2.817600000e+03 3.997779984e-47
2.824100000e+03 4.015630161e-47
2.830700000e+03 4.033647121e-47
2.837200000e+03 4.051577104e-47
2.843700000e+03 4.069802025e-47
2.850300000e+03 4.087939969e-47
2.856900000e+03 4.106246400e-47
2.863400000e+03 4.124593729e-47
2.870100000e+03 4.142981956e-47
2.876700000e+03 4.161540100e-47
2.883300000e+03 4.180139716e-47
2.890000000e+03 4.198780804e-47
2.896600000e+03 4.217593249e-47
2.903300000e+03 4.236447744e-47
2.910000000e+03 4.255474756e-47
2.916700000e+03 4.274544400e-47
2.923400000e+03 4.293656676e-47
2.930200000e+03 4.312811584e-47
2.936900000e+03 4.332140761e-47
2.943700000e+03 4.351513156e-47
2.950500000e+03 4.371060996e-47
2.957300000e+03 4.390652644e-47
2.964100000e+03 4.410288100e-47
2.970900000e+03 4.430100481e-47
2.977800000e+03 4.450624369e-47
2.984700000e+03 4.469858449e-47
2.991500000e+03 4.489938049e-47
2.998400000e+03 4.510062649e-47
3.005400000e+03 4.530232249e-47
3.012300000e+03 4.550581764e-47
3.019200000e+03 4.570976881e-47
3.026200000e+03 4.591553121e-47
3.033200000e+03 4.612175569e-47
3.040200000e+03 4.632844225e-47
3.047200000e+03 4.653695524e-47
3.054200000e+03 4.674593641e-47
3.061300000e+03 4.695538576e-47
3.068300000e+03 4.716667684e-47
3.075400000e+03 4.737844224e-47
3.082500000e+03 4.759068196e-47
3.089600000e+03 4.780477881e-47
3.096700000e+03 4.801935616e-47
3.103900000e+03 4.823580304e-47
3.111000000e+03 4.845273664e-47
3.118200000e+03 4.867015696e-47
3.125400000e+03 4.888946241e-47
3.132600000e+03 4.910926084e-47
3.139800000e+03 4.932955225e-47
3.147000000e+03 4.955174449e-47
3.154300000e+03 4.977443601e-47
3.161600000e+03 4.999904100e-47
3.168900000e+03 5.022415161e-47
3.176200000e+03 5.044976784e-47
3.183500000e+03 5.067731344e-47
3.190800000e+03 5.090537104e-47
3.198200000e+03 5.113537081e-47
3.205600000e+03 5.136445561e-47
3.213000000e+03 5.159692561e-47
3.220400000e+03 5.182848064e-47
3.227800000e+03 5.206199716e-47
3.235200000e+03 5.229748489e-47
3.242700000e+03 5.253205441e-47
3.250200000e+03 5.277005449e-47
3.257700000e+03 5.300713636e-47
3.265200000e+03 5.324620900e-47
3.272700000e+03 5.348728225e-47
3.280300000e+03 5.372743401e-47
3.287800000e+03 5.396959296e-47
3.295400000e+03 5.421376900e-47
3.303000000e+03 5.445849616e-47
3.310600000e+03 5.470377444e-47
3.318300000e+03 5.495108641e-47
3.325900000e+03 5.519895616e-47
3.333600000e+03 5.544887296e-47
3.341300000e+03 5.569786161e-47
3.349000000e+03 5.595040000e-47
3.356700000e+03 5.620201024e-47
3.364400000e+03 5.645719044e-47
3.372200000e+03 5.671144249e-47
3.380000000e+03 5.696777529e-47
3.387800000e+03 5.722468609e-47
3.395600000e+03 5.748369124e-47
3.403400000e+03 5.774328121e-47
3.411300000e+03 5.800497921e-47
3.419100000e+03 5.826726889e-47
3.427000000e+03 5.853015025e-47
3.434900000e+03 5.879515684e-47
3.442800000e+03 5.906076201e-47
3.450800000e+03 5.932850625e-47
3.458700000e+03 5.959685601e-47
3.466700000e+03 5.986581129e-47
3.474700000e+03 6.155030116e-47
3.482700000e+03 6.040864729e-47
3.490700000e+03 6.068254201e-47
3.498800000e+03 6.095705625e-47
3.506900000e+03 6.123219001e-47
3.514900000e+03 6.150951184e-47
3.523100000e+03 6.178903236e-47
3.531200000e+03 6.206918656e-47
3.539300000e+03 6.234997444e-47
3.547500000e+03 6.263139600e-47
3.555700000e+03 6.291503761e-47
3.563900000e+03 6.320091001e-47
3.572100000e+03 6.348743041e-47
3.580300000e+03 6.377459881e-47
3.588600000e+03 6.406401600e-47
3.596800000e+03 6.435408841e-47
3.605100000e+03 6.464642409e-47
3.613500000e+03 6.493942225e-47
3.621800000e+03 6.523308289e-47
3.630100000e+03 6.552902500e-47
3.638500000e+03 6.582563689e-47
3.646900000e+03 6.612454489e-47
3.655300000e+03 6.642413001e-47
3.663700000e+03 6.672602596e-47
3.672200000e+03 6.702860641e-47
3.680700000e+03 6.733351249e-47
3.689100000e+03 6.763911049e-47
3.697700000e+03 6.794540041e-47
3.706200000e+03 6.825403456e-47
3.714700000e+03 6.856336809e-47
3.723300000e+03 6.887506081e-47
3.731900000e+03 6.918746041e-47
3.740500000e+03 6.950223424e-47
3.749100000e+03 6.981772249e-47
3.757800000e+03 7.013392516e-47
3.766400000e+03 7.045252096e-47
3.775100000e+03 7.077352129e-47
3.783800000e+03 7.109525124e-47
3.792500000e+03 7.141771081e-47
3.801300000e+03 7.174259401e-47
3.810000000e+03 7.206821449e-47
3.818800000e+03 7.239627396e-47
3.827600000e+03 7.272507841e-47
3.836500000e+03 7.305462784e-47
3.845300000e+03 7.338663556e-47
3.854200000e+03 7.372111321e-47
3.863100000e+03 7.405635136e-47
3.872000000e+03 7.439235001e-47
3.880900000e+03 7.473083809e-47
3.889900000e+03 7.507182736e-47
3.898800000e+03 7.541359281e-47
3.907800000e+03 7.575613444e-47
3.916800000e+03 7.610119696e-47
3.925900000e+03 7.644704356e-47
3.934900000e+03 7.679542689e-47
3.944000000e+03 7.714460224e-47
3.953100000e+03 7.749633024e-47
3.962200000e+03 7.784885824e-47
3.971300000e+03 7.821456721e-47
3.980500000e+03 7.855808689e-47
3.989700000e+03 7.891657225e-47
3.998900000e+03 7.927587369e-47
4.008100000e+03 7.963599121e-47
4.017300000e+03 7.999871364e-47
4.026600000e+03 8.036405316e-47
4.035900000e+03 8.073022500e-47
4.045200000e+03 8.109722916e-47
4.054500000e+03 8.146687081e-47
4.063900000e+03 8.183916225e-47
4.073200000e+03 8.221230241e-47
4.082600000e+03 8.258629129e-47
4.092100000e+03 8.296295056e-47
4.101500000e+03 8.334046681e-47
4.110900000e+03 8.372067001e-47
4.120400000e+03 8.410173849e-47
4.129900000e+03 8.448551056e-47
4.139500000e+03 8.487199876e-47
4.149000000e+03 8.525752225e-47
4.158600000e+03 8.564762116e-47
4.168200000e+03 8.603675536e-47
4.177800000e+03 8.643049024e-47
4.187400000e+03 8.682512400e-47
4.197100000e+03 8.722065664e-47
4.206700000e+03 8.761896025e-47
4.216400000e+03 8.801817124e-47
4.226200000e+03 8.842017024e-47
4.235900000e+03 8.882308516e-47
4.245700000e+03 8.922880521e-47
4.255500000e+03 8.963544976e-47
4.265300000e+03 9.004491664e-47
4.275100000e+03 9.045721881e-47
4.285000000e+03 9.087046276e-47
4.294800000e+03 9.128464849e-47
4.304800000e+03 9.170169121e-47
4.314700000e+03 9.211968441e-47
4.324600000e+03 9.254055204e-47
4.334600000e+03 9.296430724e-47
4.344600000e+03 9.338903044e-47
4.354600000e+03 9.381472164e-47
4.364700000e+03 9.424332241e-47
4.374700000e+03 9.467484601e-47
4.384800000e+03 9.510735529e-47
4.394900000e+03 9.554085025e-47
4.405100000e+03 9.597729024e-47
4.415200000e+03 9.641668864e-47
4.425400000e+03 9.685709056e-47
4.435600000e+03 9.730046881e-47
4.445800000e+03 9.774485956e-47
4.456100000e+03 9.819224464e-47
4.466400000e+03 9.864263761e-47
4.476700000e+03 9.909207025e-47
4.487000000e+03 9.954451984e-47
4.497300000e+03 1.000000000e-46
4.507700000e+03 1.004605290e-46
4.518100000e+03 1.009221160e-46
4.528500000e+03 1.013847610e-46
4.539000000e+03 1.018484640e-46
4.549400000e+03 1.023132250e-46
4.559900000e+03 1.027790440e-46
4.570400000e+03 1.032459210e-46
4.581000000e+03 1.037138560e-46
4.591500000e+03 1.042032640e-46
4.602100000e+03 1.046733610e-46
4.612700000e+03 1.051445160e-46
4.623400000e+03 1.056372840e-46
4.634000000e+03 1.061106010e-46
4.644700000e+03 1.066056250e-46
4.655400000e+03 1.070811040e-46
4.666200000e+03 1.075783840e-46
4.676900000e+03 1.080768160e-46
4.687700000e+03 1.085764000e-46
4.698500000e+03 1.090562490e-46
4.709400000e+03 1.095580890e-46
4.720200000e+03 1.100610810e-46
4.731100000e+03 1.105652250e-46
4.742000000e+03 1.110705210e-46
4.752900000e+03 1.115769690e-46
4.763900000e+03 1.121057440e-46
4.774900000e+03 1.126145440e-46
4.785900000e+03 1.131244960e-46
4.796900000e+03 1.136356000e-46
4.808000000e+03 1.141692250e-46
4.819100000e+03 1.146826810e-46
4.830200000e+03 1.152187560e-46
4.841300000e+03 1.157345640e-46
4.852500000e+03 1.162730890e-46
4.863700000e+03 1.168128640e-46
4.874900000e+03 1.173538890e-46
4.886100000e+03 1.178744490e-46
4.897400000e+03 1.184179240e-46
4.908700000e+03 1.189626490e-46
4.920000000e+03 1.195086240e-46
4.931400000e+03 1.200558490e-46
4.942700000e+03 1.206043240e-46
4.954100000e+03 1.211540490e-46
4.965600000e+03 1.217270890e-46
4.977000000e+03 1.222793640e-46
4.988500000e+03 1.228328890e-46
5.000000000e+03 1.234098810e-46
