1.000000000e+00 6.045529009e-31
1.009300000e+00 5.221507600e-31
1.018600000e+00 4.510062649e-31
1.028000000e+00 3.895507396e-31
1.037600000e+00 3.364812049e-31
1.047200000e+00 2.906503744e-31
1.056900000e+00 2.510711449e-31
1.066700000e+00 2.168764900e-31
1.076500000e+00 1.873504656e-31
1.086500000e+00 1.618452900e-31
1.096600000e+00 1.398161664e-31
1.106700000e+00 1.207910025e-31
1.117000000e+00 1.043548416e-31
1.127300000e+00 9.016207290e-32
1.137800000e+00 7.789681000e-32
1.148300000e+00 6.730392490e-32
1.158900000e+00 5.815332250e-32
1.169700000e+00 5.024770560e-32
1.180500000e+00 4.341805690e-32
1.191500000e+00 3.751969000e-32
1.202500000e+00 3.242160360e-32
1.213600000e+00 2.801606440e-32
1.224900000e+00 2.421136000e-32
1.236200000e+00 2.092362250e-32
1.247700000e+00 1.808487040e-32
1.259200000e+00 1.563000040e-32
1.270900000e+00 1.350941290e-32
1.282600000e+00 1.167696360e-32
1.294500000e+00 1.009221160e-32
1.306500000e+00 8.723746801e-33
1.318600000e+00 7.541011921e-33
1.330800000e+00 6.518947600e-33
1.343200000e+00 5.635655041e-33
1.355600000e+00 4.872179601e-33
1.368200000e+00 4.212269604e-33
1.380800000e+00 3.642001801e-33
1.393600000e+00 3.149005456e-33
1.406500000e+00 2.722856761e-33
1.419600000e+00 2.354481529e-33
1.432700000e+00 2.035994884e-33
1.446000000e+00 1.760725521e-33
1.459400000e+00 1.522716484e-33
1.472900000e+00 1.316964100e-33
1.486500000e+00 1.138995001e-33
1.500300000e+00 9.852065440e-34
1.514200000e+00 8.521728640e-34
1.528200000e+00 7.371768010e-34
1.542400000e+00 6.377140090e-34
1.556700000e+00 5.516861440e-34
1.571100000e+00 4.772914090e-34
1.585600000e+00 4.129836840e-34
1.600300000e+00 3.573234090e-34
1.615100000e+00 3.091970560e-34
1.630100000e+00 2.675514490e-34
1.645200000e+00 2.315570890e-34
1.660400000e+00 2.003923360e-34
1.675800000e+00 1.734489000e-34
1.691300000e+00 1.501115040e-34
1.707000000e+00 1.299372010e-34
1.722800000e+00 1.124872360e-34
1.738800000e+00 9.738729225e-35
1.754900000e+00 8.431646976e-35
1.771100000e+00 7.300506249e-35
1.787500000e+00 6.321681081e-35
1.804100000e+00 5.474816064e-35
1.820800000e+00 4.742112769e-35
1.837700000e+00 4.109194609e-35
1.854700000e+00 3.567075625e-35
1.871900000e+00 3.226126401e-35
1.889200000e+00 2.722021929e-35
1.906700000e+00 2.318807716e-35
1.924400000e+00 2.005158841e-35
1.942200000e+00 1.736305561e-35
1.960200000e+00 1.504121089e-35
1.978300000e+00 1.303282201e-35
1.996600000e+00 1.129363236e-35
2.015100000e+00 9.787512250e-36
2.033800000e+00 8.483238760e-36
2.052600000e+00 7.353859240e-36
2.071600000e+00 6.375120010e-36
2.090800000e+00 5.526730810e-36
2.110200000e+00 4.792158810e-36
2.129700000e+00 4.155482250e-36
2.149500000e+00 3.603542890e-36
2.169400000e+00 3.125470410e-36
2.189500000e+00 2.710962250e-36
2.209800000e+00 2.351622250e-36
2.230200000e+00 2.040040890e-36
2.250900000e+00 1.769964160e-36
2.271700000e+00 1.535864490e-36
2.292800000e+00 1.332870250e-36
2.314000000e+00 1.156700250e-36
2.335400000e+00 1.004004000e-36
2.357100000e+00 8.714969316e-37
2.378900000e+00 7.565868324e-37
2.400900000e+00 6.568778304e-37
2.423200000e+00 5.703723529e-37
2.445600000e+00 4.953203641e-37
2.468300000e+00 4.301916921e-37
2.491100000e+00 3.736632384e-37
2.514200000e+00 3.245922729e-37
2.537500000e+00 2.820034816e-37
2.561000000e+00 2.450250000e-37
2.584700000e+00 2.129268736e-37
2.608700000e+00 1.850462289e-37
2.632800000e+00 1.608411025e-37
2.657200000e+00 1.398161664e-37
2.681800000e+00 1.215568225e-37
2.706700000e+00 1.056965121e-37
2.731700000e+00 9.191204890e-38
2.757000000e+00 7.993625290e-38
2.782600000e+00 6.953241610e-38
2.808300000e+00 6.048648360e-38
2.834300000e+00 5.262894810e-38
2.860600000e+00 4.579600000e-38
2.887100000e+00 3.985612960e-38
2.913800000e+00 3.468906250e-38
2.940800000e+00 3.019948840e-38
2.968100000e+00 2.629262250e-38
2.995500000e+00 2.289471610e-38
3.023300000e+00 1.993744000e-38
3.051300000e+00 1.736596840e-38
3.079600000e+00 1.512900000e-38
3.108100000e+00 1.318133610e-38
3.136900000e+00 1.148755240e-38
3.165900000e+00 1.001200360e-38
3.195200000e+00 8.727856929e-39
3.224800000e+00 7.609596289e-39
3.254700000e+00 6.635731600e-39
3.284900000e+00 5.787557776e-39
3.315300000e+00 5.048670916e-39
3.346000000e+00 4.404976900e-39
3.377000000e+00 3.844124001e-39
3.408300000e+00 3.355421476e-39
3.439800000e+00 2.929407376e-39
3.471700000e+00 2.558032929e-39
3.503800000e+00 2.234263824e-39
3.536300000e+00 1.951960761e-39
3.569000000e+00 1.705690000e-39
3.602100000e+00 1.490963769e-39
3.635500000e+00 1.303571025e-39
3.669100000e+00 1.140007696e-39
3.703100000e+00 9.972964000e-40
3.737400000e+00 8.727297640e-40
3.772000000e+00 7.639696000e-40
3.807000000e+00 6.689982250e-40
3.842200000e+00 5.860272640e-40
3.877800000e+00 5.135662440e-40
3.913700000e+00 4.502459610e-40
3.950000000e+00 3.948963840e-40
3.986600000e+00 3.464809960e-40
4.023500000e+00 3.041884810e-40
4.060800000e+00 2.671917160e-40
4.098400000e+00 2.347943290e-40
4.136300000e+00 2.064681610e-40
4.174700000e+00 1.816564840e-40
4.213300000e+00 1.599466090e-40
4.252300000e+00 1.409206410e-40
4.291700000e+00 1.242556090e-40
4.331500000e+00 1.096627840e-40
4.371600000e+00 9.684528100e-41
4.412100000e+00 8.560875625e-41
4.453000000e+00 7.574917156e-41
4.494200000e+00 6.709248100e-41
4.535800000e+00 5.949036900e-41
4.577800000e+00 5.280928900e-41
4.620200000e+00 4.693483081e-41
4.663000000e+00 4.176649129e-41
4.706200000e+00 3.721854049e-41
4.749800000e+00 3.321216900e-41
4.793800000e+00 2.968070400e-41
4.838200000e+00 2.656577764e-41
4.883000000e+00 2.381732809e-41
4.928200000e+00 2.138877504e-41
4.973900000e+00 1.924138225e-41
5.020000000e+00 1.734139449e-41
5.066500000e+00 1.565864041e-41
5.113400000e+00 1.416619044e-41
5.160700000e+00 1.284147225e-41
5.208500000e+00 1.166495716e-41
5.256800000e+00 1.061717056e-41
5.305500000e+00 9.684544000e-42
5.354600000e+00 8.852410090e-42
5.404200000e+00 8.108825760e-42
5.454300000e+00 7.443620890e-42
5.504800000e+00 6.847642240e-42
5.555800000e+00 6.312656250e-42
5.607200000e+00 5.832225000e-42
5.659200000e+00 5.399116960e-42
5.711600000e+00 5.008644000e-42
5.764500000e+00 4.655237760e-42
5.817900000e+00 4.335556840e-42
5.871800000e+00 4.045729960e-42
5.926200000e+00 3.782247040e-42
5.981000000e+00 3.541924000e-42
6.036400000e+00 3.322599840e-42
6.092300000e+00 3.121935610e-42
6.148800000e+00 2.938138810e-42
6.205700000e+00 2.769561640e-42
6.263200000e+00 2.614042240e-42
6.321200000e+00 2.470555240e-42
6.379800000e+00 2.338146810e-42
6.438900000e+00 2.215334560e-42
6.498500000e+00 2.101630090e-42
6.558700000e+00 1.995721290e-42
6.619400000e+00 1.897230760e-42
6.680700000e+00 1.804992250e-42
6.742600000e+00 1.718983210e-42
6.805100000e+00 1.638400000e-42
6.868100000e+00 1.562750010e-42
6.931700000e+00 1.491817960e-42
6.995900000e+00 1.424919690e-42
7.060700000e+00 1.361889000e-42
7.126100000e+00 1.302565690e-42
7.192100000e+00 1.246348960e-42
7.258700000e+00 1.193337760e-42
7.326000000e+00 1.142974810e-42
7.393800000e+00 1.095162250e-42
7.462300000e+00 1.050010090e-42
7.531400000e+00 1.006811560e-42
7.601200000e+00 9.659941225e-43
7.671600000e+00 9.270416089e-43
7.742600000e+00 8.899658244e-43
7.814400000e+00 8.546078025e-43
7.886700000e+00 8.209084816e-43
7.959800000e+00 7.887216100e-43
8.033500000e+00 7.537017856e-43
8.107900000e+00 7.241839801e-43
8.183000000e+00 6.959897476e-43
8.258800000e+00 6.689931264e-43
8.335300000e+00 6.431398416e-43
8.412500000e+00 6.183935044e-43
8.490400000e+00 5.947031689e-43
8.569100000e+00 5.719896900e-43
8.648400000e+00 5.502227329e-43
8.728500000e+00 5.293581049e-43
8.809400000e+00 5.093534161e-43
8.891000000e+00 4.901400100e-43
8.973300000e+00 4.717354489e-43
9.056400000e+00 4.540603456e-43
9.140300000e+00 4.371060996e-43
9.225000000e+00 4.208506129e-43
9.310400000e+00 4.052213649e-43
9.396600000e+00 3.902375961e-43
9.483700000e+00 3.758425636e-43
9.571500000e+00 3.620428900e-43
9.660200000e+00 3.487965481e-43
9.749600000e+00 3.360868729e-43
9.840000000e+00 3.238975744e-43
9.931100000e+00 3.122127376e-43
1.002300000e+01 3.010058496e-43
1.011600000e+01 2.899284025e-43
1.021000000e+01 2.792488336e-43
1.030400000e+01 2.690496900e-43
1.040000000e+01 2.591115409e-43
1.049600000e+01 2.496201444e-43
1.059300000e+01 2.404725444e-43
1.069100000e+01 2.316496900e-43
1.079000000e+01 2.231428644e-43
1.089000000e+01 2.149342321e-43
1.099100000e+01 2.070341001e-43
1.109300000e+01 1.994158336e-43
1.119600000e+01 1.920718276e-43
1.129900000e+01 1.850548324e-43
1.140400000e+01 1.782359524e-43
1.151000000e+01 1.716693489e-43
1.161600000e+01 1.653967561e-43
1.172400000e+01 1.592967744e-43
1.183200000e+01 1.534758976e-43
1.194200000e+01 1.478171809e-43
1.205300000e+01 1.423703824e-43
1.216400000e+01 1.371665296e-43
1.227700000e+01 1.321177104e-43
1.239100000e+01 1.272491584e-43
1.250500000e+01 1.226050225e-43
1.262100000e+01 1.180953225e-43
1.273800000e+01 1.137510529e-43
1.285600000e+01 1.095742404e-43
1.297500000e+01 1.055535121e-43
1.309500000e+01 1.016780769e-43
1.321700000e+01 9.792518490e-44
1.333900000e+01 9.433497960e-44
1.346300000e+01 9.086004490e-44
1.358700000e+01 8.753905690e-44
1.371300000e+01 8.432054440e-44
1.384000000e+01 8.122500000e-44
1.396800000e+01 7.824327840e-44
1.409800000e+01 7.535574010e-44
1.422800000e+01 7.259791360e-44
1.436000000e+01 6.992851360e-44
1.449300000e+01 6.736101160e-44
1.462700000e+01 6.488737290e-44
1.476300000e+01 6.249500010e-44
1.490000000e+01 6.019662250e-44
1.503800000e+01 5.798464000e-44
1.517700000e+01 5.586132250e-44
1.531700000e+01 5.381472040e-44
1.545900000e+01 5.183818240e-44
1.560200000e+01 4.993437160e-44
1.574700000e+01 4.809249000e-44
1.589300000e+01 4.632395290e-44
1.604000000e+01 4.462656250e-44
1.618900000e+01 4.298158240e-44
1.633900000e+01 4.140411040e-44
1.649000000e+01 3.988408410e-44
1.664300000e+01 3.841600000e-44
1.679700000e+01 3.700621690e-44
1.695200000e+01 3.565299240e-44
1.710900000e+01 3.434350240e-44
1.726800000e+01 3.307669690e-44
1.742800000e+01 3.186225000e-44
1.758900000e+01 3.069504000e-44
1.775200000e+01 2.956680250e-44
1.791700000e+01 2.847656250e-44
1.808200000e+01 2.743660960e-44
1.825000000e+01 2.642575360e-44
1.841900000e+01 2.545620250e-44
1.859000000e+01 2.451729640e-44
1.876200000e+01 2.361754240e-44
1.893600000e+01 2.274968890e-44
1.911100000e+01 2.191584160e-44
1.928800000e+01 2.110918410e-44
1.946700000e+01 2.033190810e-44
1.964700000e+01 1.958880160e-44
1.982900000e+01 1.886776960e-44
2.001200000e+01 1.815486760e-44
2.019800000e+01 1.748477290e-44
2.038500000e+01 1.683765760e-44
2.057400000e+01 1.621802250e-44
2.076400000e+01 1.562000040e-44
2.095700000e+01 1.504792890e-44
2.115100000e+01 1.449616000e-44
2.134700000e+01 1.396414890e-44
2.154400000e+01 1.345136040e-44
2.174400000e+01 1.296182250e-44
2.194500000e+01 1.248806250e-44
2.214900000e+01 1.203409000e-44
2.235400000e+01 1.159713610e-44
2.256100000e+01 1.117671840e-44
2.277000000e+01 1.077236410e-44
2.298100000e+01 1.038157210e-44
2.319300000e+01 1.000800160e-44
2.340800000e+01 9.646382656e-45
2.362500000e+01 9.299709225e-45
2.384400000e+01 8.966196100e-45
2.406500000e+01 8.645652324e-45
2.428800000e+01 8.337333481e-45
2.451300000e+01 8.040888241e-45
2.474000000e+01 7.755972624e-45
2.496900000e+01 7.482250000e-45
2.520000000e+01 7.219221156e-45
2.543300000e+01 6.951390625e-45
2.566900000e+01 6.692548864e-45
2.590700000e+01 6.443433441e-45
2.614700000e+01 6.203925225e-45
2.638900000e+01 5.973434944e-45
2.663300000e+01 5.751857281e-45
2.688000000e+01 5.537741056e-45
2.712900000e+01 5.331920400e-45
2.738000000e+01 5.133865801e-45
2.763400000e+01 4.942793025e-45
2.789000000e+01 4.758930225e-45
2.814800000e+01 4.582342249e-45
2.840900000e+01 4.411749241e-45
2.867200000e+01 4.247910976e-45
2.893800000e+01 4.089730401e-45
2.920600000e+01 3.937688001e-45
2.947600000e+01 3.791603776e-45
2.974900000e+01 3.650697241e-45
3.002500000e+01 3.514829796e-45
3.030300000e+01 3.384214276e-45
3.058300000e+01 3.258697225e-45
3.086700000e+01 3.137232121e-45
3.115300000e+01 3.020601600e-45
3.144100000e+01 2.908552761e-45
3.173200000e+01 2.800526400e-45
3.202600000e+01 2.696309476e-45
3.232300000e+01 2.596004401e-45
3.262200000e+01 2.499600016e-45
3.292400000e+01 2.406785481e-45
3.322900000e+01 2.317267044e-45
3.353700000e+01 2.231050756e-45
3.384800000e+01 2.148044409e-45
3.416100000e+01 2.068339441e-45
3.447800000e+01 1.991301376e-45
3.479700000e+01 1.917388944e-45
3.511900000e+01 1.846163089e-45
3.544500000e+01 1.777381281e-45
3.577300000e+01 1.711394161e-45
3.610400000e+01 1.647872836e-45
3.643900000e+01 1.586508561e-45
3.677600000e+01 1.527559056e-45
3.711700000e+01 1.470722500e-45
3.746100000e+01 1.416016900e-45
3.780700000e+01 1.363529476e-45
3.815800000e+01 1.312757824e-45
3.851100000e+01 1.264015809e-45
3.886800000e+01 1.216963225e-45
3.922800000e+01 1.171761361e-45
3.959100000e+01 1.128220921e-45
3.995800000e+01 1.086295681e-45
4.032800000e+01 1.048205376e-45
4.070100000e+01 1.011494416e-45
4.107800000e+01 9.760625640e-46
4.145900000e+01 9.419374810e-46
4.184300000e+01 9.089622010e-46
4.223000000e+01 8.772259240e-46
4.262200000e+01 8.465772160e-46
4.301600000e+01 8.171022250e-46
4.341500000e+01 7.885425610e-46
4.381700000e+01 7.610977440e-46
4.422300000e+01 7.346268160e-46
4.463200000e+01 7.091036410e-46
4.504600000e+01 6.845025690e-46
4.546300000e+01 6.607470250e-46
4.588400000e+01 6.379160490e-46
4.630900000e+01 6.158338560e-46
4.673800000e+01 5.945794560e-46
4.717100000e+01 5.740816000e-46
4.760800000e+01 5.543199360e-46
4.804900000e+01 5.353207690e-46
4.849400000e+01 5.169711690e-46
4.894300000e+01 4.992990250e-46
4.939600000e+01 4.821976810e-46
4.985400000e+01 4.657827240e-46
5.031500000e+01 4.499489440e-46
5.078200000e+01 4.346391040e-46
5.125200000e+01 4.199220640e-46
5.172700000e+01 4.057404490e-46
5.220600000e+01 3.920400000e-46
5.268900000e+01 3.788862250e-46
5.317700000e+01 3.661482250e-46
5.367000000e+01 3.539289690e-46
5.416700000e+01 3.421020160e-46
5.466900000e+01 3.307305960e-46
5.517500000e+01 3.197301610e-46
5.568600000e+01 3.091970560e-46
5.620200000e+01 2.990132640e-46
5.672200000e+01 2.891700250e-46
5.724800000e+01 2.797256250e-46
5.777800000e+01 2.706025000e-46
5.831300000e+01 2.617924000e-46
5.885300000e+01 2.533190560e-46
5.939800000e+01 2.451416490e-46
5.994800000e+01 2.372832160e-46
6.050400000e+01 2.296740250e-46
6.106400000e+01 2.223677440e-46
6.163000000e+01 2.152969290e-46
6.220000000e+01 2.085136000e-46
6.277700000e+01 2.019525210e-46
6.335800000e+01 1.956641440e-46
6.394500000e+01 1.895578240e-46
6.453700000e+01 1.837109160e-46
6.513500000e+01 1.780356490e-46
6.573800000e+01 1.726070440e-46
6.634700000e+01 1.673400960e-46
6.696200000e+01 1.622821210e-46
6.758200000e+01 1.574021160e-46
6.820800000e+01 1.526954490e-46
6.884000000e+01 1.481819290e-46
6.947700000e+01 1.438080640e-46
7.012100000e+01 1.395942250e-46
7.077000000e+01 1.355361640e-46
7.142600000e+01 1.316297290e-46
7.208700000e+01 1.278482490e-46
7.275500000e+01 1.242110250e-46
7.342900000e+01 1.207141690e-46
7.410900000e+01 1.173105610e-46
7.479500000e+01 1.140624000e-46
7.548800000e+01 1.109230240e-46
7.618700000e+01 1.079105440e-46
7.689300000e+01 1.050010090e-46
7.760500000e+01 1.021918810e-46
7.832400000e+01 9.946870756e-47
7.904900000e+01 9.686299561e-47
7.978100000e+01 9.434625424e-47
8.052000000e+01 9.192207376e-47
8.126600000e+01 8.958433201e-47
8.201900000e+01 8.733276304e-47
8.277900000e+01 8.516152089e-47
8.354500000e+01 8.306864164e-47
8.431900000e+01 8.105220841e-47
8.510000000e+01 7.910679364e-47
8.588800000e+01 7.723421689e-47
8.668400000e+01 7.542748801e-47
8.748700000e+01 7.368848964e-47
8.829700000e+01 7.201049881e-47
8.911500000e+01 7.039545604e-47
8.994000000e+01 6.883854961e-47
9.077300000e+01 6.733679481e-47
9.161400000e+01 6.589218276e-47
9.246300000e+01 6.449856721e-47
9.331900000e+01 6.315480900e-47
9.418300000e+01 6.186137104e-47
9.505600000e+01 6.061556736e-47
9.593600000e+01 5.941480561e-47
9.682500000e+01 5.825810929e-47
9.772100000e+01 5.714452836e-47
9.862700000e+01 5.607164161e-47
9.954000000e+01 5.503710969e-47
1.004600000e+02 5.421082384e-47
1.013900000e+02 5.323745296e-47
1.023300000e+02 5.230182400e-47
1.032800000e+02 5.139886249e-47
1.042400000e+02 5.053077225e-47
1.052000000e+02 4.969263049e-47
1.061800000e+02 4.888666561e-47
1.071600000e+02 4.810948321e-47
1.081500000e+02 4.736192400e-47
1.091500000e+02 4.664343616e-47
1.101600000e+02 4.594941796e-47
1.111800000e+02 4.528213264e-47
1.122100000e+02 4.464110596e-47
1.132500000e+02 4.402322500e-47
1.143000000e+02 4.342810000e-47
1.153600000e+02 4.285666225e-47
1.164300000e+02 4.230591849e-47
1.175100000e+02 4.177683225e-47
1.186000000e+02 4.126777600e-47
1.197000000e+02 4.077971881e-47
1.208000000e+02 4.030980100e-47
1.219200000e+02 3.985775689e-47
1.230500000e+02 3.942458521e-47
1.241900000e+02 3.900751936e-47
1.253400000e+02 3.860758225e-47
1.265000000e+02 3.822454276e-47
1.276800000e+02 3.785571729e-47
1.288600000e+02 3.750460081e-47
1.300500000e+02 3.716609296e-47
1.312600000e+02 3.684247204e-47
1.324700000e+02 3.653356249e-47
1.337000000e+02 3.623678809e-47
1.349400000e+02 3.595321521e-47
1.361900000e+02 3.568389696e-47
1.374500000e+02 3.542511361e-47
1.387200000e+02 3.518031969e-47
1.400100000e+02 3.494583225e-47
1.413000000e+02 3.472509184e-47
1.426100000e+02 3.451445001e-47
1.439300000e+02 3.431499241e-47
1.452700000e+02 3.412779561e-47
1.466100000e+02 3.395159824e-47
1.479700000e+02 3.378631876e-47
1.493400000e+02 3.363188049e-47
1.507200000e+02 3.349052641e-47
1.521200000e+02 3.335871049e-47
1.535300000e+02 3.323983716e-47
1.549500000e+02 3.313268721e-47
1.563800000e+02 3.304295289e-47
1.578300000e+02 3.296597056e-47
1.593000000e+02 3.290169600e-47
1.607700000e+02 3.286614241e-47
1.622600000e+02 3.276646564e-47
1.637600000e+02 3.266808336e-47
1.652800000e+02 3.256984900e-47
1.668100000e+02 3.247290225e-47
1.683600000e+02 3.237496201e-47
1.699100000e+02 3.227830596e-47
1.714900000e+02 3.218065984e-47
1.730800000e+02 3.208316164e-47
1.746800000e+02 3.198694249e-47
1.763000000e+02 3.189086784e-47
1.779300000e+02 3.179606544e-47
1.795800000e+02 3.170027809e-47
1.812400000e+02 3.160463524e-47
1.829200000e+02 3.151025956e-47
1.846100000e+02 3.141490401e-47
1.863200000e+02 3.132081225e-47
1.880500000e+02 3.122686161e-47
1.897900000e+02 3.113305209e-47
1.915500000e+02 3.103938369e-47
1.933200000e+02 3.094585641e-47
1.951100000e+02 3.085358116e-47
1.969200000e+02 3.076033444e-47
1.987500000e+02 3.066722884e-47
2.005900000e+02 3.072041476e-47
2.024400000e+02 3.077142784e-47
2.043200000e+02 3.082581441e-47
2.062100000e+02 3.088136041e-47
2.081200000e+02 3.093806884e-47
2.100500000e+02 3.099705625e-47
2.120000000e+02 3.105944361e-47
2.139600000e+02 3.112300944e-47
2.159400000e+02 3.119110801e-47
2.179400000e+02 3.126039921e-47
2.199600000e+02 3.133536484e-47
2.220000000e+02 3.141042025e-47
2.240500000e+02 3.149117689e-47
2.261300000e+02 3.157428481e-47
2.282200000e+02 3.166200361e-47
2.303400000e+02 3.175097104e-47
2.324700000e+02 3.184683489e-47
2.346200000e+02 3.194397361e-47
2.368000000e+02 3.204465664e-47
2.389900000e+02 3.215003401e-47
2.412000000e+02 3.225899209e-47
2.434400000e+02 3.237154816e-47
2.456900000e+02 3.248658009e-47
2.479700000e+02 3.260866816e-47
2.502600000e+02 3.273212944e-47
2.525800000e+02 3.286040976e-47
2.549200000e+02 3.299238721e-47
2.572800000e+02 3.312923364e-47
2.596700000e+02 3.326867041e-47
2.620700000e+02 3.341302416e-47
2.645000000e+02 3.356232489e-47
2.669500000e+02 3.371428096e-47
2.694200000e+02 3.387123601e-47
2.719200000e+02 3.403322244e-47
2.744300000e+02 3.419910400e-47
2.769800000e+02 3.436890625e-47
2.795400000e+02 3.454383076e-47
2.821300000e+02 3.472273476e-47
2.847400000e+02 3.490682724e-47
2.873800000e+02 3.509496081e-47
2.900400000e+02 3.528835216e-47
2.927300000e+02 3.548584900e-47
2.954400000e+02 3.568748121e-47
2.981800000e+02 3.589567569e-47
3.009400000e+02 3.616699321e-47
3.037300000e+02 3.638261124e-47
3.065400000e+02 3.660250000e-47
3.093800000e+02 3.682790596e-47
3.122400000e+02 3.705887376e-47
3.151400000e+02 3.729544900e-47
3.180600000e+02 3.753767824e-47
3.210000000e+02 3.778560900e-47
3.239700000e+02 3.803928976e-47
3.269700000e+02 3.829876996e-47
3.300000000e+02 3.856534201e-47
3.330600000e+02 3.883657761e-47
3.361400000e+02 3.911376681e-47
3.392600000e+02 3.939821824e-47
3.424000000e+02 3.969000000e-47
3.455700000e+02 3.998665225e-47
3.487700000e+02 4.029202576e-47
3.520000000e+02 4.060365841e-47
3.552600000e+02 4.092288841e-47
3.585500000e+02 4.125107529e-47
3.618700000e+02 4.158702144e-47
3.652300000e+02 4.193210025e-47
3.686100000e+02 4.228770841e-47
3.720200000e+02 4.265396100e-47
3.754700000e+02 4.303491201e-47
3.789500000e+02 4.343205409e-47
3.824600000e+02 4.385088400e-47
3.860000000e+02 4.430233600e-47
3.895700000e+02 4.480294225e-47
3.931800000e+02 4.539525376e-47
3.968200000e+02 4.618017936e-47
4.005000000e+02 4.749552889e-47
4.042100000e+02 4.792239076e-47
4.079500000e+02 4.835255296e-47
4.117300000e+02 4.878743104e-47
4.155500000e+02 4.922706244e-47
4.193900000e+02 4.966866576e-47
4.232800000e+02 4.912467921e-47
4.272000000e+02 4.919339044e-47
4.311600000e+02 4.947434244e-47
4.351500000e+02 4.985066025e-47
4.391800000e+02 5.027802649e-47
4.432500000e+02 5.073855361e-47
4.473500000e+02 5.122264900e-47
4.515000000e+02 5.172486400e-47
4.556800000e+02 5.224398400e-47
4.599000000e+02 5.277731904e-47
4.641600000e+02 5.332358529e-47
4.684600000e+02 5.388294025e-47
4.728000000e+02 5.445554436e-47
4.771800000e+02 5.504007721e-47
4.816000000e+02 5.563518921e-47
4.860600000e+02 5.624400016e-47
4.905600000e+02 5.686517281e-47
4.951000000e+02 5.749885584e-47
4.996900000e+02 5.814520009e-47
5.043200000e+02 5.880435856e-47
5.089900000e+02 5.947494400e-47
5.137000000e+02 6.016018969e-47
5.184600000e+02 6.085872144e-47
5.232600000e+02 6.157070089e-47
5.281100000e+02 6.229471329e-47
5.330000000e+02 6.303407236e-47
5.379400000e+02 6.378897424e-47
5.429200000e+02 6.455640409e-47
5.479500000e+02 6.533812224e-47
5.530200000e+02 6.613592976e-47
5.581400000e+02 6.695003329e-47
5.633100000e+02 6.777734929e-47
5.685300000e+02 6.862134244e-47
5.738000000e+02 6.948222736e-47
5.791100000e+02 7.035854400e-47
5.844800000e+02 7.125216921e-47
5.898900000e+02 7.216332601e-47
5.953500000e+02 7.309053049e-47
6.008700000e+02 7.403569936e-47
6.064300000e+02 7.499906404e-47
6.120500000e+02 7.597911556e-47
6.177200000e+02 7.697956644e-47
6.234400000e+02 7.799892489e-47
6.292100000e+02 7.903743409e-47
6.350400000e+02 8.009534016e-47
6.409200000e+02 8.117289216e-47
6.468600000e+02 8.227215616e-47
6.528500000e+02 8.339159761e-47
6.589000000e+02 8.453331364e-47
6.650000000e+02 8.569575184e-47
6.711600000e+02 8.688104100e-47
6.773800000e+02 8.809136449e-47
6.836500000e+02 8.932518144e-47
6.899800000e+02 9.058280625e-47
6.963700000e+02 9.187222500e-47
7.028200000e+02 9.319392369e-47
7.093300000e+02 9.456201049e-47
7.159000000e+02 9.602040100e-47
7.225300000e+02 9.779825449e-47
7.292300000e+02 9.910003401e-47
7.359800000e+02 1.004204410e-46
7.428000000e+02 1.017475690e-46
7.496800000e+02 1.031037160e-46
7.566200000e+02 1.045301760e-46
7.636300000e+02 1.060076160e-46
7.707000000e+02 1.075576410e-46
7.778400000e+02 1.091398090e-46
7.850500000e+02 1.107545760e-46
7.923200000e+02 1.124024040e-46
7.996600000e+02 1.140837610e-46
8.070600000e+02 1.157991210e-46
8.145400000e+02 1.175489640e-46
8.220800000e+02 1.193337760e-46
8.297000000e+02 1.211320360e-46
8.373800000e+02 1.229881000e-46
8.451400000e+02 1.248582760e-46
8.529600000e+02 1.267876000e-46
8.608600000e+02 1.287317160e-46
8.688400000e+02 1.307134890e-46
8.768900000e+02 1.327564840e-46
8.850100000e+02 1.348153210e-46
8.932000000e+02 1.369134010e-46
9.014800000e+02 1.390748490e-46
9.098300000e+02 1.412532250e-46
9.182500000e+02 1.434724840e-46
9.267600000e+02 1.457331840e-46
9.353400000e+02 1.480358890e-46
9.440100000e+02 1.504056960e-46
9.527500000e+02 1.527943210e-46
9.615700000e+02 1.552266810e-46
9.704800000e+02 1.577033640e-46
9.794700000e+02 1.602502810e-46
9.885400000e+02 1.628176000e-46
9.977000000e+02 1.654567690e-46
1.006900000e+03 1.681430890e-46
1.016300000e+03 1.708510410e-46
1.025700000e+03 1.736333290e-46
1.035200000e+03 1.764646560e-46
1.044800000e+03 1.819801000e-46
1.054400000e+03 1.822770010e-46
1.064200000e+03 1.852865440e-46
1.074100000e+03 1.883207290e-46
1.084000000e+03 1.914348960e-46
1.094100000e+03 1.945746010e-46
1.104200000e+03 1.978242250e-46
1.114400000e+03 2.011007610e-46
1.124700000e+03 2.044614010e-46
1.135200000e+03 2.079364000e-46
1.145700000e+03 2.122849000e-46
1.156300000e+03 2.157373440e-46
1.167000000e+03 2.185075240e-46
1.177800000e+03 2.221292160e-46
1.188700000e+03 2.258407840e-46
1.199700000e+03 2.296134090e-46
1.210800000e+03 2.335089610e-46
1.222000000e+03 2.374372810e-46
1.233400000e+03 2.414605210e-46
1.244800000e+03 2.455489000e-46
1.256300000e+03 2.497348090e-46
1.268000000e+03 2.539560960e-46
1.279700000e+03 2.583091840e-46
1.291500000e+03 2.626992640e-46
1.303500000e+03 2.671917160e-46
1.315600000e+03 2.717552250e-46
1.327800000e+03 2.764238760e-46
1.340100000e+03 2.811658240e-46
1.352500000e+03 2.860157440e-46
1.365000000e+03 2.909412490e-46
1.377700000e+03 2.959432090e-46
1.390400000e+03 3.010572010e-46
1.403300000e+03 3.062500000e-46
1.416300000e+03 3.115578010e-46
1.429400000e+03 3.169468090e-46
1.442600000e+03 3.224538490e-46
1.456000000e+03 3.280807690e-46
1.469500000e+03 3.337929000e-46
1.483100000e+03 3.395911840e-46
1.496800000e+03 3.455137440e-46
1.510700000e+03 3.515625000e-46
1.524700000e+03 3.577015690e-46
1.538800000e+03 3.639700840e-46
1.553100000e+03 3.703315360e-46
1.567500000e+03 3.768257440e-46
1.582000000e+03 3.834547240e-46
1.596600000e+03 3.901810090e-46
1.611400000e+03 3.970454760e-46
1.626300000e+03 4.040502010e-46
1.641400000e+03 4.111972840e-46
1.656600000e+03 4.185297640e-46
1.671900000e+03 4.267529640e-46
1.687400000e+03 4.333891240e-46
1.703100000e+03 4.410000000e-46
1.718800000e+03 4.488042250e-46
1.734800000e+03 4.567623840e-46
1.750800000e+03 4.648767210e-46
1.767000000e+03 4.731495040e-46
1.783400000e+03 4.815391360e-46
1.799900000e+03 4.901353210e-46
1.816600000e+03 4.988522250e-46
1.833400000e+03 5.077360890e-46
1.850400000e+03 5.167892890e-46
1.867500000e+03 5.260142250e-46
1.884800000e+03 5.354133210e-46
1.902300000e+03 5.449890250e-46
1.919900000e+03 5.546967040e-46
1.937700000e+03 5.646326440e-46
1.955700000e+03 5.747526760e-46
1.973800000e+03 5.850593440e-46
1.992000000e+03 5.955552160e-46
2.010500000e+03 6.062921290e-46
2.029100000e+03 6.171249640e-46
2.047900000e+03 6.282040960e-46
2.066900000e+03 6.395335210e-46
2.086000000e+03 6.510152250e-46
2.105300000e+03 6.627535360e-46
2.124800000e+03 6.747006250e-46
2.144500000e+03 6.868592640e-46
2.164400000e+03 6.992322490e-46
2.184400000e+03 7.118757610e-46
2.204700000e+03 7.247402410e-46
2.225100000e+03 7.378285690e-46
2.245700000e+03 7.511436490e-46
2.266500000e+03 7.647437160e-46
2.287500000e+03 7.793030560e-46
2.308700000e+03 7.927040250e-46
2.330100000e+03 8.070144640e-46
2.351600000e+03 8.216822250e-46
2.373400000e+03 8.365399290e-46
2.395400000e+03 8.517058560e-46
2.417600000e+03 8.671847040e-46
2.440000000e+03 8.829217960e-46
2.462600000e+03 8.989802890e-46
2.485400000e+03 9.153045160e-46
2.508400000e+03 9.319587840e-46
2.531600000e+03 9.488864160e-46
2.555100000e+03 9.661528890e-46
2.578800000e+03 9.837632250e-46
2.602600000e+03 1.001659201e-45
2.626800000e+03 1.019908096e-45
2.651100000e+03 1.038515076e-45
2.675600000e+03 1.057485361e-45
2.700400000e+03 1.076758596e-45
2.725400000e+03 1.096404544e-45
2.750700000e+03 1.116428569e-45
2.776200000e+03 1.136768656e-45
2.801900000e+03 1.157564529e-45
2.827800000e+03 1.178686224e-45
2.854000000e+03 1.200276025e-45
2.880400000e+03 1.222201600e-45
2.907100000e+03 1.244537284e-45
2.934000000e+03 1.267288801e-45
2.961200000e+03 1.290533776e-45
2.988700000e+03 1.314135001e-45
3.016300000e+03 1.338315889e-45
3.044300000e+03 1.362717225e-45
3.072500000e+03 1.387711504e-45
3.100900000e+03 1.413158464e-45
3.129600000e+03 1.439064225e-45
3.158600000e+03 1.465434961e-45
3.187900000e+03 1.492276900e-45
3.217400000e+03 1.519674289e-45
3.247200000e+03 1.547556921e-45
3.277300000e+03 1.576010601e-45
3.307600000e+03 1.604883721e-45
3.338300000e+03 1.634423184e-45
3.369200000e+03 1.664395209e-45
3.400400000e+03 1.695051241e-45
3.431900000e+03 1.726153209e-45
3.463700000e+03 1.757873329e-45
3.495800000e+03 1.790220721e-45
3.528200000e+03 1.823119204e-45
3.560800000e+03 1.856661921e-45
3.593800000e+03 1.890858256e-45
3.627100000e+03 1.925629924e-45
3.660700000e+03 1.961072656e-45
3.694600000e+03 1.997196100e-45
3.728800000e+03 2.034010000e-45
3.763400000e+03 2.071433169e-45
3.798200000e+03 2.109564900e-45
3.833400000e+03 2.150733376e-45
3.868900000e+03 2.188087729e-45
3.904700000e+03 2.228406436e-45
3.940900000e+03 2.269474321e-45
3.977400000e+03 2.311301776e-45
4.014200000e+03 2.353996324e-45
4.051400000e+03 2.397375369e-45
4.088900000e+03 2.441644569e-45
4.126800000e+03 2.486617956e-45
4.165000000e+03 2.532504976e-45
4.203600000e+03 2.579319369e-45
4.242600000e+03 2.626870009e-45
4.281900000e+03 2.675372176e-45
4.321500000e+03 2.724840000e-45
4.361500000e+03 2.775077041e-45
4.401900000e+03 2.826410896e-45
4.442700000e+03 2.878537104e-45
4.483900000e+03 2.931789316e-45
4.525400000e+03 2.985966736e-45
4.567300000e+03 3.041081316e-45
4.609600000e+03 3.097367716e-45
4.652300000e+03 3.154619556e-45
4.695400000e+03 3.212849124e-45
4.738900000e+03 3.272297616e-45
4.782800000e+03 3.332752900e-45
4.827100000e+03 3.394460644e-45
4.871800000e+03 3.457204804e-45
4.916900000e+03 3.521116921e-45
4.962400000e+03 3.586332996e-45
5.008400000e+03 3.652630969e-45
5.054800000e+03 3.720268036e-45
5.101600000e+03 3.789141136e-45
5.148900000e+03 3.859267129e-45
5.196600000e+03 3.930663025e-45
5.244700000e+03 4.003472529e-45
5.293300000e+03 4.077588736e-45
5.342300000e+03 4.153029136e-45
5.391800000e+03 4.229941444e-45
5.441700000e+03 4.308215769e-45
5.492100000e+03 4.388002564e-45
5.543000000e+03 4.469323609e-45
5.594300000e+03 4.552065961e-45
5.646100000e+03 4.636384281e-45
5.698400000e+03 4.722300961e-45
5.751200000e+03 4.809838609e-45
5.804500000e+03 4.899020049e-45
5.858200000e+03 4.989727044e-45
5.912500000e+03 5.082264100e-45
5.967300000e+03 5.176370809e-45
6.022500000e+03 5.272357321e-45
6.078300000e+03 5.370104961e-45
6.134600000e+03 5.469637849e-45
6.191400000e+03 5.570980321e-45
6.248800000e+03 5.674307584e-45
6.306700000e+03 5.779496529e-45
6.365100000e+03 5.886725625e-45
6.424000000e+03 5.995869489e-45
6.483500000e+03 6.107109904e-45
6.543600000e+03 6.220319161e-45
6.604200000e+03 6.335682409e-45
6.665400000e+03 6.453230224e-45
6.727100000e+03 6.572993476e-45
6.789400000e+03 6.694839684e-45
6.852300000e+03 6.819126084e-45
6.915800000e+03 6.945722281e-45
6.979800000e+03 7.074492100e-45
7.044500000e+03 7.205802769e-45
7.109700000e+03 7.339520241e-45
7.175600000e+03 7.475677444e-45
7.242000000e+03 7.614307600e-45
7.309100000e+03 7.755620356e-45
7.376800000e+03 7.899654400e-45
7.445100000e+03 8.046269401e-45
7.514100000e+03 8.195680900e-45
7.583700000e+03 8.347745956e-45
7.653900000e+03 8.502684100e-45
7.724800000e+03 8.660535844e-45
7.796400000e+03 8.821342084e-45
7.868600000e+03 8.985144100e-45
7.941500000e+03 9.151983556e-45
8.015000000e+03 9.321902500e-45
8.089200000e+03 9.494943364e-45
8.164200000e+03 9.671345649e-45
8.239800000e+03 9.850959504e-45
8.316100000e+03 1.003402890e-44
8.393100000e+03 1.022121000e-44
8.470900000e+03 1.041012090e-44
8.549300000e+03 1.060282090e-44
8.628500000e+03 1.079936640e-44
8.708400000e+03 1.100191210e-44
8.789100000e+03 1.120422250e-44
8.870500000e+03 1.141264890e-44
8.952700000e+03 1.162515240e-44
9.035600000e+03 1.184179240e-44
9.119300000e+03 1.206043240e-44
9.203700000e+03 1.228550560e-44
9.289000000e+03 1.251265960e-44
9.375000000e+03 1.274641000e-44
9.461800000e+03 1.298232360e-44
9.549500000e+03 1.322500000e-44
9.637900000e+03 1.346992360e-44
9.727200000e+03 1.371943690e-44
9.817300000e+03 1.397596840e-44
9.908200000e+03 1.423487610e-44
1.000000000e+04 1.449856810e-44
