1.000000000e+01 2.224043097e-42
1.002306000e+01 2.183611180e-42
1.004617300e+01 2.143917659e-42
1.006934000e+01 2.104948312e-42
1.009256000e+01 2.066690022e-42
1.011583300e+01 2.029129026e-42
1.013916100e+01 1.992252924e-42
1.016254200e+01 1.956048673e-42
1.018597600e+01 1.920504002e-42
1.020946500e+01 1.885606560e-42
1.023300800e+01 1.851344475e-42
1.025660600e+01 1.817706067e-42
1.028025800e+01 1.784680109e-42
1.030396400e+01 1.752254759e-42
1.032772500e+01 1.720419689e-42
1.035154100e+01 1.689163424e-42
1.037541200e+01 1.658475974e-42
1.039933700e+01 1.628346478e-42
1.042331800e+01 1.598764764e-42
1.044735500e+01 1.569721074e-42
1.047144600e+01 1.541205551e-42
1.049559400e+01 1.513208500e-42
1.051979600e+01 1.485720623e-42
1.054405500e+01 1.458732528e-42
1.056837000e+01 1.432235216e-42
1.059274100e+01 1.406219589e-42
1.061716800e+01 1.380677170e-42
1.064165100e+01 1.355599380e-42
1.066619100e+01 1.330977312e-42
1.069078700e+01 1.306802897e-42
1.071544000e+01 1.283068191e-42
1.074015000e+01 1.259764700e-42
1.076491700e+01 1.236884963e-42
1.078974100e+01 1.214420971e-42
1.081462200e+01 1.192365285e-42
1.083956000e+01 1.170710367e-42
1.086455700e+01 1.149449014e-42
1.088961000e+01 1.128573924e-42
1.091472200e+01 1.108078128e-42
1.093989100e+01 1.087954763e-42
1.096511900e+01 1.068197077e-42
1.099040400e+01 1.048798220e-42
1.101574800e+01 1.029751658e-42
1.104115100e+01 1.011051165e-42
1.106661200e+01 9.926904066e-43
1.109213100e+01 9.746632338e-43
1.111771000e+01 9.569636126e-43
1.114334700e+01 9.395856050e-43
1.116904400e+01 9.225234056e-43
1.119480000e+01 9.057712820e-43
1.122061500e+01 8.893236306e-43
1.124649000e+01 8.731749926e-43
1.127242500e+01 8.573200131e-43
1.129841900e+01 8.417534028e-43
1.132447300e+01 8.264699919e-43
1.135058700e+01 8.114647276e-43
1.137676200e+01 7.967326178e-43
1.140299700e+01 7.822687663e-43
1.142929200e+01 7.680683187e-43
1.145564800e+01 7.541264277e-43
1.148206500e+01 7.404383074e-43
1.150854300e+01 7.269992499e-43
1.153508200e+01 7.138046748e-43
1.156168200e+01 7.008500091e-43
1.158834300e+01 6.881308546e-43
1.161506600e+01 6.756428184e-43
1.164185000e+01 6.633816776e-43
1.166869600e+01 6.513433094e-43
1.169560500e+01 6.395236727e-43
1.172257500e+01 6.279187905e-43
1.174960700e+01 6.165247651e-43
1.177670200e+01 6.053377454e-43
1.180385900e+01 5.943540035e-43
1.183107900e+01 5.835698246e-43
1.185836100e+01 5.729815381e-43
1.188570700e+01 5.625855783e-43
1.191311500e+01 5.523783913e-43
1.194058700e+01 5.423565110e-43
1.196812200e+01 5.325165562e-43
1.199572100e+01 5.228551856e-43
1.202338300e+01 5.133691117e-43
1.205110900e+01 5.040551716e-43
1.207889900e+01 4.949102802e-43
1.210675300e+01 4.859314009e-43
1.213467100e+01 4.771155586e-43
1.216265400e+01 4.684598247e-43
1.219070100e+01 4.599613167e-43
1.221881300e+01 4.516172243e-43
1.224698900e+01 4.434247677e-43
1.227523100e+01 4.353812111e-43
1.230353800e+01 4.274838615e-43
1.233191000e+01 4.197300948e-43
1.236034700e+01 4.121173151e-43
1.238885000e+01 4.046429675e-43
1.241741900e+01 3.973045756e-43
1.244605400e+01 3.900996518e-43
1.247475500e+01 3.830257357e-43
1.250352100e+01 3.760803949e-43
1.253235500e+01 3.692612854e-43
1.256125400e+01 3.625660524e-43
1.259022100e+01 3.559924277e-43
1.261925400e+01 3.495381678e-43
1.264835400e+01 3.432010655e-43
1.267752100e+01 3.369789845e-43
1.270675600e+01 3.308697998e-43
1.273605800e+01 3.248714550e-43
1.276542700e+01 3.189819042e-43
1.279486400e+01 3.131991570e-43
1.282436900e+01 3.075212550e-43
1.285394200e+01 3.019462716e-43
1.288358400e+01 2.964723221e-43
1.291329300e+01 2.910975522e-43
1.294307100e+01 2.858201376e-43
1.297291800e+01 2.806383046e-43
1.300283400e+01 2.755503081e-43
1.303281800e+01 2.705543996e-43
1.306287200e+01 2.656488906e-43
1.309299500e+01 2.608320890e-43
1.312318800e+01 2.561023713e-43
1.315345000e+01 2.514581199e-43
1.318378200e+01 2.468977342e-43
1.321418400e+01 2.424196793e-43
1.324465600e+01 2.380224645e-43
1.327519800e+01 2.337046809e-43
1.330581100e+01 2.294649506e-43
1.333649400e+01 2.253019257e-43
1.336724800e+01 2.212142503e-43
1.339807300e+01 2.172006358e-43
1.342896900e+01 2.132597757e-43
1.345993700e+01 2.093903836e-43
1.349097500e+01 2.055911655e-43
1.352208600e+01 2.018608751e-43
1.355326800e+01 1.981982586e-43
1.358452200e+01 1.946021175e-43
1.361584800e+01 1.910712542e-43
1.364724600e+01 1.876044816e-43
1.367871600e+01 1.842006398e-43
1.371026000e+01 1.808585790e-43
1.374187600e+01 1.775771846e-43
1.377356500e+01 1.743553431e-43
1.380532600e+01 1.711919753e-43
1.383716200e+01 1.680860111e-43
1.386907000e+01 1.650364300e-43
1.390105200e+01 1.620421872e-43
1.393310800e+01 1.591022947e-43
1.396523800e+01 1.562157643e-43
1.399744200e+01 1.533816233e-43
1.402972000e+01 1.505989381e-43
1.406207300e+01 1.478667509e-43
1.409450000e+01 1.451841657e-43
1.412700200e+01 1.425502699e-43
1.415957900e+01 1.399641732e-43
1.419223100e+01 1.374250218e-43
1.422495900e+01 1.349319534e-43
1.425776200e+01 1.324841339e-43
1.429064000e+01 1.300807570e-43
1.432359400e+01 1.277210076e-43
1.435662500e+01 1.254041190e-43
1.438973100e+01 1.231293011e-43
1.442291400e+01 1.208958116e-43
1.445617300e+01 1.187028709e-43
1.448951000e+01 1.165497335e-43
1.452292200e+01 1.144356587e-43
1.455641200e+01 1.123599115e-43
1.458998000e+01 1.103217758e-43
1.462362400e+01 1.083205602e-43
1.465734600e+01 1.063555719e-43
1.469114600e+01 1.044261422e-43
1.472502400e+01 1.025316007e-43
1.475898000e+01 1.006713132e-43
1.479301500e+01 9.884463731e-44
1.482712700e+01 9.705095336e-44
1.486131900e+01 9.528967662e-44
1.489558900e+01 9.356024973e-44
1.492993900e+01 9.186210540e-44
1.496436700e+01 9.019470920e-44
1.499887500e+01 8.855751667e-44
1.503346300e+01 8.694999767e-44
1.506813000e+01 8.537163010e-44
1.510287700e+01 8.382189409e-44
1.513770400e+01 8.230027210e-44
1.517261200e+01 8.080626616e-44
1.520760000e+01 7.933938036e-44
1.524266900e+01 7.789913771e-44
1.527781900e+01 7.648505748e-44
1.531305000e+01 7.509667746e-44
1.534836200e+01 7.373354257e-44
1.538375500e+01 7.239519932e-44
1.541923000e+01 7.108121203e-44
1.545478700e+01 6.979113052e-44
1.549042600e+01 6.852453287e-44
1.552614700e+01 6.728098287e-44
1.556195000e+01 6.606006174e-44
1.559783600e+01 6.486136248e-44
1.563380500e+01 6.368447941e-44
1.566985700e+01 6.252903837e-44
1.570599100e+01 6.139467071e-44
1.574221000e+01 6.028100829e-44
1.577851100e+01 5.918769827e-44
1.581489700e+01 5.811439294e-44
1.585136600e+01 5.706071144e-44
1.588791900e+01 5.602627932e-44
1.592455700e+01 5.501071437e-44
1.596127900e+01 5.401364580e-44
1.599808600e+01 5.303471846e-44
1.603497800e+01 5.207356959e-44
1.607195400e+01 5.112987000e-44
1.610901600e+01 5.020328691e-44
1.614616400e+01 4.929349762e-44
1.618339700e+01 4.840018480e-44
1.622071600e+01 4.752304080e-44
1.625812100e+01 4.666178034e-44
1.629561300e+01 4.581614818e-44
1.633319000e+01 4.498588399e-44
1.637085500e+01 4.417073114e-44
1.640860600e+01 4.337043658e-44
1.644644500e+01 4.258474263e-44
1.648437000e+01 4.181337090e-44
1.652238300e+01 4.105604366e-44
1.656048400e+01 4.031248392e-44
1.659867300e+01 3.958243150e-44
1.663694900e+01 3.886563056e-44
1.667531400e+01 3.816183739e-44
1.671376800e+01 3.747083153e-44
1.675231000e+01 3.679238042e-44
1.679094100e+01 3.612626658e-44
1.682966100e+01 3.547226825e-44
1.686847000e+01 3.483015969e-44
1.690736900e+01 3.419971147e-44
1.694635700e+01 3.358069811e-44
1.698543600e+01 3.297290522e-44
1.702460400e+01 3.237611840e-44
1.706386300e+01 3.179015897e-44
1.710321300e+01 3.121486834e-44
1.714265300e+01 3.065008964e-44
1.718218400e+01 3.009566430e-44
1.722180600e+01 2.955143904e-44
1.726152000e+01 2.901725209e-44
1.730132500e+01 2.849293698e-44
1.734122200e+01 2.797832623e-44
1.738121100e+01 2.747326472e-44
1.742129200e+01 2.697760589e-44
1.746146600e+01 2.649116265e-44
1.750173200e+01 2.601372862e-44
1.754209100e+01 2.554507909e-44
1.758254300e+01 2.508500680e-44
1.762308900e+01 2.463328994e-44
1.766372800e+01 2.418974576e-44
1.770446000e+01 2.375422895e-44
1.774528700e+01 2.332659036e-44
1.778620800e+01 2.290669234e-44
1.782722300e+01 2.249439335e-44
1.786833300e+01 2.208954520e-44
1.790953700e+01 2.169199931e-44
1.795083700e+01 2.130159807e-44
1.799223100e+01 2.091819848e-44
1.803372200e+01 2.054165145e-44
1.807530800e+01 2.017181644e-44
1.811698900e+01 1.980855827e-44
1.815876700e+01 1.945174422e-44
1.820064200e+01 1.910124672e-44
1.824261200e+01 1.875693772e-44
1.828468000e+01 1.841869694e-44
1.832684500e+01 1.808641695e-44
1.836910600e+01 1.775998134e-44
1.841146600e+01 1.743928631e-44
1.845392300e+01 1.712423491e-44
1.849647800e+01 1.681474200e-44
1.853913100e+01 1.651073116e-44
1.858188200e+01 1.621212164e-44
1.862473200e+01 1.591883610e-44
1.866768100e+01 1.563079554e-44
1.871072800e+01 1.534791444e-44
1.875387600e+01 1.507011335e-44
1.879712200e+01 1.479731139e-44
1.884046800e+01 1.452943355e-44
1.888391500e+01 1.426640809e-44
1.892746100e+01 1.400816877e-44
1.897110800e+01 1.375464766e-44
1.901485600e+01 1.350577515e-44
1.905870400e+01 1.326146861e-44
1.910265300e+01 1.302163070e-44
1.914670400e+01 1.278616821e-44
1.919085700e+01 1.255499185e-44
1.923511100e+01 1.232802508e-44
1.927946700e+01 1.210522997e-44
1.932392600e+01 1.188658800e-44
1.936848700e+01 1.167206251e-44
1.941315100e+01 1.146161235e-44
1.945791800e+01 1.125515812e-44
1.950278800e+01 1.105257342e-44
1.954776200e+01 1.085373285e-44
1.959283900e+01 1.065851825e-44
1.963802000e+01 1.046682046e-44
1.968330500e+01 1.027857149e-44
1.972869500e+01 1.009371655e-44
1.977419000e+01 9.912207937e-45
1.981978900e+01 9.733991145e-45
1.986549400e+01 9.559011030e-45
1.991130400e+01 9.387206840e-45
1.995721900e+01 9.218518060e-45
2.000324100e+01 9.052885767e-45
2.004936900e+01 8.890252402e-45
2.009560300e+01 8.730563977e-45
2.014194300e+01 8.573767542e-45
2.018839100e+01 8.419811529e-45
2.023494500e+01 8.268644446e-45
2.028160700e+01 8.120216158e-45
2.032837700e+01 7.974476605e-45
2.037525400e+01 7.831376883e-45
2.042224000e+01 7.690868695e-45
2.046933300e+01 7.552905039e-45
2.051653600e+01 7.417439663e-45
2.056384700e+01 7.284427562e-45
2.061126800e+01 7.153823765e-45
2.065879700e+01 7.025585031e-45
2.070643700e+01 6.899668133e-45
2.075418600e+01 6.776031032e-45
2.080204500e+01 6.654632192e-45
2.085001500e+01 6.535431066e-45
2.089809500e+01 6.418387748e-45
2.094628600e+01 6.303463288e-45
2.099458900e+01 6.190619192e-45
2.104300200e+01 6.079817735e-45
2.109152800e+01 5.971021947e-45
2.114016500e+01 5.864195598e-45
2.118891400e+01 5.759302876e-45
2.123777600e+01 5.656308846e-45
2.128675000e+01 5.555178971e-45
2.133583800e+01 5.455879564e-45
2.138503900e+01 5.358377178e-45
2.143435300e+01 5.262639481e-45
2.148378000e+01 5.168634219e-45
2.153332200e+01 5.076330228e-45
2.158297800e+01 4.985696406e-45
2.163274900e+01 4.896702715e-45
2.168263400e+01 4.809319308e-45
2.173263400e+01 4.723516816e-45
2.178275000e+01 4.639266885e-45
2.183298100e+01 4.556541065e-45
2.188332800e+01 4.475311765e-45
2.193379100e+01 4.395552097e-45
2.198437100e+01 4.317235070e-45
2.203506700e+01 4.240334779e-45
2.208588000e+01 4.164825468e-45
2.213681000e+01 4.090681791e-45
2.218785800e+01 4.017879188e-45
2.223902300e+01 3.946393107e-45
2.229030600e+01 3.876199891e-45
2.234170800e+01 3.807275882e-45
2.239322800e+01 3.739598292e-45
2.244486700e+01 3.673144448e-45
2.249662500e+01 3.607892161e-45
2.254850300e+01 3.543819471e-45
2.260050000e+01 3.480905129e-45
2.265261700e+01 3.419127982e-45
2.270485400e+01 3.358467684e-45
2.275721100e+01 3.298903975e-45
2.280968900e+01 3.240417030e-45
2.286228900e+01 3.182987339e-45
2.291500900e+01 3.126595366e-45
2.296785200e+01 3.071221780e-45
2.302081600e+01 3.016847680e-45
2.307390200e+01 2.963454798e-45
2.312711000e+01 2.911025375e-45
2.318044200e+01 2.859541936e-45
2.323389600e+01 2.808987598e-45
2.328747400e+01 2.759345324e-45
2.334117500e+01 2.710598973e-45
2.339500000e+01 2.662732347e-45
2.344894900e+01 2.615729603e-45
2.350302200e+01 2.569575352e-45
2.355722000e+01 2.524254143e-45
2.361154300e+01 2.479751168e-45
2.366599200e+01 2.436051654e-45
2.372056600e+01 2.393140864e-45
2.377526500e+01 2.351004685e-45
2.383009100e+01 2.309628842e-45
2.388504400e+01 2.268999861e-45
2.394012300e+01 2.229104856e-45
2.399532900e+01 2.189931037e-45
2.405066200e+01 2.151465808e-45
2.410612300e+01 2.113696763e-45
2.416171200e+01 2.076611502e-45
2.421742900e+01 2.040198090e-45
2.427327500e+01 2.004444142e-45
2.432924900e+01 1.969336590e-45
2.438535300e+01 1.934862767e-45
2.444158600e+01 1.901010228e-45
2.449794800e+01 1.867767692e-45
2.455444100e+01 1.835124145e-45
2.461106300e+01 1.803069172e-45
2.466781700e+01 1.771592260e-45
2.472470100e+01 1.740682895e-45
2.478171600e+01 1.710330647e-45
2.483886300e+01 1.680525499e-45
2.489614200e+01 1.651257433e-45
2.495355200e+01 1.622516666e-45
2.501109500e+01 1.594293577e-45
2.506877100e+01 1.566578854e-45
2.512658000e+01 1.539363803e-45
2.518452200e+01 1.512639546e-45
2.524259800e+01 1.486397731e-45
2.530080700e+01 1.460629512e-45
2.535915100e+01 1.435326340e-45
2.541763000e+01 1.410479651e-45
2.547624300e+01 1.386081091e-45
2.553499100e+01 1.362122515e-45
2.559387500e+01 1.338595764e-45
2.565289500e+01 1.315493097e-45
2.571205000e+01 1.292806681e-45
2.577134300e+01 1.270528954e-45
2.583077200e+01 1.248652402e-45
2.589033800e+01 1.227169700e-45
2.595004100e+01 1.206073713e-45
2.600988200e+01 1.185357349e-45
2.606986100e+01 1.165013698e-45
2.612997800e+01 1.145035826e-45
2.619023400e+01 1.125417245e-45
2.625062900e+01 1.106151236e-45
2.631116300e+01 1.087231391e-45
2.637183700e+01 1.068651464e-45
2.643265000e+01 1.050405118e-45
2.649360400e+01 1.032486310e-45
2.655469900e+01 1.014889029e-45
2.661593400e+01 9.976074241e-46
2.667731100e+01 9.806357385e-46
2.673882900e+01 9.639682445e-46
2.680048900e+01 9.475993687e-46
2.686229100e+01 9.315237497e-46
2.692423600e+01 9.157359284e-46
2.698632300e+01 9.002306548e-46
2.704855400e+01 8.850028225e-46
2.711092800e+01 8.700472878e-46
2.717344600e+01 8.553591076e-46
2.723610800e+01 8.409334173e-46
2.729891500e+01 8.267654300e-46
2.736186600e+01 8.128504349e-46
2.742496300e+01 7.991837405e-46
2.748820500e+01 7.857609557e-46
2.755159300e+01 7.725777571e-46
2.761512700e+01 7.596297777e-46
2.767880800e+01 7.469129394e-46
2.774263600e+01 7.344231707e-46
2.780661000e+01 7.221563016e-46
2.787073200e+01 7.101084959e-46
2.793500300e+01 6.982758157e-46
2.799942100e+01 6.866544375e-46
2.806398800e+01 6.752405454e-46
2.812870400e+01 6.640305381e-46
2.819356900e+01 6.530207152e-46
2.825858300e+01 6.422075368e-46
2.832374800e+01 6.315875173e-46
2.838906200e+01 6.211571752e-46
2.845452800e+01 6.109131333e-46
2.852014400e+01 6.008520179e-46
2.858591200e+01 5.909706546e-46
2.865183100e+01 5.812657722e-46
2.871790300e+01 5.717341994e-46
2.878412600e+01 5.623728622e-46
2.885050300e+01 5.531786871e-46
2.891703200e+01 5.441486491e-46
2.898371500e+01 5.352798636e-46
2.905055200e+01 5.265693984e-46
2.911754300e+01 5.180144136e-46
2.918468800e+01 5.096121137e-46
2.925198800e+01 5.013597023e-46
2.931944300e+01 4.932545611e-46
2.938705400e+01 4.852939797e-46
2.945482100e+01 4.774753785e-46
2.952274400e+01 4.697962181e-46
2.959082400e+01 4.622539130e-46
2.965906000e+01 4.548460475e-46
2.972745400e+01 4.475702008e-46
2.979600600e+01 4.404239482e-46
2.986471600e+01 4.334049875e-46
2.993358400e+01 4.265110105e-46
3.000261100e+01 4.197397870e-46
3.007179700e+01 4.130890806e-46
3.014114300e+01 4.065566506e-46
3.021064900e+01 4.001402923e-46
3.028031500e+01 3.938378372e-46
3.035014200e+01 3.876471916e-46
3.042012900e+01 3.815663733e-46
3.049027800e+01 3.755933924e-46
3.056058900e+01 3.697262903e-46
3.063106200e+01 3.639631396e-46
3.070169700e+01 3.583020438e-46
3.077249600e+01 3.527411738e-46
3.084345700e+01 3.472787295e-46
3.091458300e+01 3.419129020e-46
3.098587200e+01 3.366419483e-46
3.105732600e+01 3.314641527e-46
3.112894400e+01 3.263777906e-46
3.120072800e+01 3.213813447e-46
3.127267700e+01 3.164731059e-46
3.134479200e+01 3.116514289e-46
3.141707300e+01 3.069146252e-46
3.148952100e+01 3.022612779e-46
3.156213600e+01 2.976904743e-46
3.163491900e+01 2.932013070e-46
3.170786900e+01 2.887923313e-46
3.178098800e+01 2.844614163e-46
3.185427500e+01 2.802064410e-46
3.192773100e+01 2.760259596e-46
3.200135700e+01 2.719187478e-46
3.207515200e+01 2.678836319e-46
3.214911800e+01 2.639192594e-46
3.222325400e+01 2.600243326e-46
3.229756100e+01 2.561974781e-46
3.237203900e+01 2.524375049e-46
3.244668900e+01 2.487431773e-46
3.252151200e+01 2.451133106e-46
3.259650600e+01 2.415467391e-46
3.267167400e+01 2.380422534e-46
3.274701500e+01 2.345987870e-46
3.282253000e+01 2.312151372e-46
3.289821900e+01 2.278902727e-46
3.297408300e+01 2.246232079e-46
3.305012100e+01 2.214129418e-46
3.312633500e+01 2.182585478e-46
3.320272500e+01 2.151589956e-46
3.327929000e+01 2.121133875e-46
3.335603300e+01 2.091206945e-46
3.343295200e+01 2.061800195e-46
3.351004900e+01 2.032904214e-46
3.358732300e+01 2.004510028e-46
3.366477600e+01 1.976608797e-46
3.374240700e+01 1.949191821e-46
3.382021700e+01 1.922250535e-46
3.389820700e+01 1.895775954e-46
3.397637600e+01 1.869760608e-46
3.405472600e+01 1.844195777e-46
3.413325700e+01 1.819073692e-46
3.421196800e+01 1.794386433e-46
3.429086100e+01 1.770126206e-46
3.436993600e+01 1.746285604e-46
3.444919400e+01 1.722857068e-46
3.452863400e+01 1.699832901e-46
3.460825700e+01 1.677206564e-46
3.468806400e+01 1.654970326e-46
3.476805500e+01 1.633117864e-46
3.484823000e+01 1.611641676e-46
3.492859000e+01 1.590535392e-46
3.500913600e+01 1.569792489e-46
3.508986700e+01 1.549406297e-46
3.517078500e+01 1.529370250e-46
3.525188900e+01 1.509678625e-46
3.533318000e+01 1.490324806e-46
3.541465900e+01 1.471303014e-46
3.549632500e+01 1.452607073e-46
3.557818000e+01 1.434231149e-46
3.566022400e+01 1.416169735e-46
3.574245600e+01 1.398417171e-46
3.582487900e+01 1.380967651e-46
3.590749100e+01 1.363815931e-46
3.599029400e+01 1.346956846e-46
3.607328800e+01 1.330385078e-46
3.615647300e+01 1.314095396e-46
3.623985000e+01 1.298082191e-46
3.632342000e+01 1.282340631e-46
3.640718200e+01 1.266865954e-46
3.649113700e+01 1.251653026e-46
3.657528600e+01 1.236697461e-46
3.665962900e+01 1.221994941e-46
3.674416600e+01 1.207540331e-46
3.682889800e+01 1.193329458e-46
3.691382600e+01 1.179357773e-46
3.699895000e+01 1.165622098e-46
3.708427000e+01 1.152118863e-46
3.716978600e+01 1.138843272e-46
3.725550000e+01 1.125790603e-46
3.734141200e+01 1.112956215e-46
3.742752100e+01 1.100336802e-46
3.751382900e+01 1.087928478e-46
3.760033600e+01 1.075727417e-46
3.768704300e+01 1.063730059e-46
3.777395000e+01 1.051932487e-46
3.786105700e+01 1.040331253e-46
3.794836500e+01 1.028922964e-46
3.803587400e+01 1.017704072e-46
3.812358500e+01 1.006671490e-46
3.821149800e+01 9.958214941e-47
3.829961400e+01 9.851510757e-47
3.838793300e+01 9.746569944e-47
3.847645600e+01 9.643361179e-47
3.856518300e+01 9.541853419e-47
3.865411500e+01 9.442016674e-47
3.874325100e+01 9.343821019e-47
3.883259400e+01 9.247237369e-47
3.892214200e+01 9.152237264e-47
3.901189700e+01 9.058792674e-47
3.910185800e+01 8.966875798e-47
3.919202800e+01 8.876459818e-47
3.928240500e+01 8.787517755e-47
3.937299000e+01 8.700023966e-47
3.946378500e+01 8.613952629e-47
3.955478800e+01 8.529278494e-47
3.964600200e+01 8.445976869e-47
3.973742600e+01 8.364023427e-47
3.982906100e+01 8.283394565e-47
3.992090700e+01 8.204066484e-47
4.001296500e+01 8.126016457e-47
4.010523500e+01 8.049221911e-47
4.019771800e+01 7.973660425e-47
4.029041400e+01 7.899310438e-47
4.038332400e+01 7.826150529e-47
4.047644900e+01 7.754159762e-47
4.056978800e+01 7.683317331e-47
4.066334200e+01 7.613603254e-47
4.075711200e+01 7.544997315e-47
4.085109800e+01 7.477480285e-47
4.094530100e+01 7.411032863e-47
4.103972100e+01 7.345636197e-47
4.113435900e+01 7.281271874e-47
4.122921500e+01 7.217921575e-47
4.132429000e+01 7.155567578e-47
4.141958400e+01 7.094192246e-47
4.151509800e+01 7.033778523e-47
4.161083200e+01 6.974309596e-47
4.170678700e+01 6.915769385e-47
4.180296300e+01 6.858143193e-47
4.189936100e+01 6.801415699e-47
4.199598200e+01 6.745569494e-47
4.209282500e+01 6.690586925e-47
4.218989100e+01 6.636453029e-47
4.228718100e+01 6.583153377e-47
4.238469600e+01 6.530673571e-47
4.248243500e+01 6.478998768e-47
4.258040000e+01 6.428114969e-47
4.267859100e+01 6.378008364e-47
4.277700800e+01 6.328665489e-47
4.287565200e+01 6.280072745e-47
4.297452400e+01 6.232217186e-47
4.307362300e+01 6.185086043e-47
4.317295100e+01 6.138666402e-47
4.327250800e+01 6.092945986e-47
4.337229500e+01 6.047912840e-47
4.347231200e+01 6.003555007e-47
4.357255900e+01 5.959860690e-47
4.367303800e+01 5.916818395e-47
4.377374800e+01 5.874416936e-47
4.387469100e+01 5.832644962e-47
4.397586600e+01 5.791491726e-47
4.407727500e+01 5.750946467e-47
4.417891800e+01 5.710998712e-47
4.428079500e+01 5.671637972e-47
4.438290600e+01 5.632854190e-47
4.448525400e+01 5.594637434e-47
4.458783700e+01 5.556977898e-47
4.469065700e+01 5.519865749e-47
4.479371400e+01 5.483291870e-47
4.489700900e+01 5.447246664e-47
4.500054100e+01 5.411721242e-47
4.510431300e+01 5.376706382e-47
4.520832400e+01 5.342193562e-47
4.531257500e+01 5.308174069e-47
4.541706600e+01 5.274639441e-47
4.552179800e+01 5.241581174e-47
4.562677200e+01 5.208991151e-47
4.573198700e+01 5.176861355e-47
4.583744600e+01 5.145183862e-47
4.594314700e+01 5.113950983e-47
4.604909200e+01 5.083155121e-47
4.615528200e+01 5.052788624e-47
4.626171600e+01 5.022844211e-47
4.636839600e+01 4.993314686e-47
4.647532200e+01 4.964192936e-47
4.658249400e+01 4.935472066e-47
4.668991400e+01 4.907145123e-47
4.679758100e+01 4.879205369e-47
4.690549700e+01 4.851646421e-47
4.701366100e+01 4.824461412e-47
4.712207500e+01 4.797644381e-47
4.723073900e+01 4.771188741e-47
4.733965400e+01 4.745088530e-47
4.744881900e+01 4.719337576e-47
4.755823600e+01 4.693930044e-47
4.766790600e+01 4.668860167e-47
4.777782900e+01 4.644121963e-47
4.788800500e+01 4.619710195e-47
4.799843500e+01 4.595619003e-47
4.810912000e+01 4.571842993e-47
4.822006000e+01 4.548377099e-47
4.833125500e+01 4.525215902e-47
4.844270800e+01 4.502354307e-47
4.855441700e+01 4.479787274e-47
4.866638400e+01 4.457509944e-47
4.877860900e+01 4.435517243e-47
4.889109300e+01 4.413804546e-47
4.900383600e+01 4.392367142e-47
4.911683900e+01 4.371200498e-47
4.923010300e+01 4.350299862e-47
4.934362800e+01 4.329660924e-47
4.945741500e+01 4.309279417e-47
4.957146400e+01 4.289150849e-47
4.968577600e+01 4.269271169e-47
4.980035200e+01 4.249636099e-47
4.991519200e+01 4.230241665e-47
5.003029700e+01 4.211083928e-47
5.014566700e+01 4.192158729e-47
5.026130300e+01 4.173462463e-47
5.037720600e+01 4.154991301e-47
5.049337600e+01 4.136741321e-47
5.060981400e+01 4.118709149e-47
5.072652100e+01 4.100891059e-47
5.084349700e+01 4.083283485e-47
5.096074200e+01 4.065883021e-47
5.107825800e+01 4.048686291e-47
5.119604500e+01 4.031689949e-47
5.131410300e+01 4.014890679e-47
5.143243400e+01 3.998285192e-47
5.155103800e+01 3.981870481e-47
5.166991500e+01 3.965643314e-47
5.178906600e+01 3.949600611e-47
5.190849200e+01 3.933739443e-47
5.202819300e+01 3.918056908e-47
5.214817100e+01 3.902550002e-47
5.226842500e+01 3.887215993e-47
5.238895600e+01 3.872051928e-47
5.250976600e+01 3.857055122e-47
5.263085400e+01 3.842222913e-47
5.275222100e+01 3.827552663e-47
5.287386800e+01 3.813041752e-47
5.299579500e+01 3.798687583e-47
5.311800400e+01 3.784487701e-47
5.324049500e+01 3.770439549e-47
5.336326800e+01 3.756540713e-47
5.348632400e+01 3.742788918e-47
5.360966300e+01 3.729181787e-47
5.373328800e+01 3.715716837e-47
5.385719700e+01 3.702392092e-47
5.398139200e+01 3.689205105e-47
5.410587400e+01 3.676153933e-47
5.423064200e+01 3.663236163e-47
5.435569900e+01 3.650449761e-47
5.448104300e+01 3.637792830e-47
5.460667700e+01 3.625263126e-47
5.473260000e+01 3.612858782e-47
5.485881400e+01 3.600577823e-47
5.498531900e+01 3.588418170e-47
5.511211600e+01 3.576378237e-47
5.523920500e+01 3.564455851e-47
5.536658700e+01 3.552649333e-47
5.549426200e+01 3.540956776e-47
5.562223300e+01 3.529376526e-47
5.575049800e+01 3.517906820e-47
5.587905900e+01 3.506545907e-47
5.600791600e+01 3.495292286e-47
5.613707100e+01 3.484143994e-47
5.626652400e+01 3.473099668e-47
5.639627500e+01 3.462157721e-47
5.652632500e+01 3.451316342e-47
5.665667500e+01 3.440574317e-47
5.678732600e+01 3.429929972e-47
5.691827800e+01 3.419381761e-47
5.704953200e+01 3.408928266e-47
5.718108800e+01 3.398568192e-47
5.731294800e+01 3.388300021e-47
5.744511300e+01 3.378122479e-47
5.757758100e+01 3.368033949e-47
5.771035600e+01 3.358033404e-47
5.784343600e+01 3.348119247e-47
5.797682400e+01 3.338290466e-47
5.811051900e+01 3.328545596e-47
5.824452200e+01 3.318883526e-47
5.837883400e+01 3.309302919e-47
5.851345600e+01 3.299802681e-47
5.864838900e+01 3.290381491e-47
5.878363200e+01 3.281038267e-47
5.891918800e+01 3.271771932e-47
5.905505600e+01 3.262581303e-47
5.919123700e+01 3.253465203e-47
5.932773300e+01 3.244422689e-47
5.946454300e+01 3.235452598e-47
5.960166900e+01 3.226553884e-47
5.973911100e+01 3.217725625e-47
5.987687000e+01 3.208966787e-47
6.001494600e+01 3.200276231e-47
6.015334100e+01 3.191653049e-47
6.029205500e+01 3.183096339e-47
6.043108900e+01 3.174605205e-47
6.057044300e+01 3.166178529e-47
6.071011900e+01 3.157815649e-47
6.085011700e+01 3.149515459e-47
6.099043800e+01 3.141277082e-47
6.113108300e+01 3.133099871e-47
6.127205100e+01 3.124982733e-47
6.141334500e+01 3.116924919e-47
6.155496500e+01 3.108925570e-47
6.169691100e+01 3.100984055e-47
6.183918500e+01 3.093099413e-47
6.198178600e+01 3.085270798e-47
6.212471700e+01 3.077497593e-47
6.226797700e+01 3.069779071e-47
6.241156700e+01 3.062114287e-47
6.255548900e+01 3.054502746e-47
6.269974200e+01 3.046943622e-47
6.284432800e+01 3.039436092e-47
6.298924800e+01 3.031979671e-47
6.313450100e+01 3.024573545e-47
6.328009000e+01 3.017217122e-47
6.342601400e+01 3.009909707e-47
6.357227500e+01 3.002650604e-47
6.371887400e+01 2.995439343e-47
6.386581000e+01 2.988275017e-47
6.401308500e+01 2.981157270e-47
6.416069900e+01 2.974085421e-47
6.430865500e+01 2.967058793e-47
6.445695100e+01 2.960076927e-47
6.460558900e+01 2.953139151e-47
6.475457000e+01 2.946244905e-47
6.490389400e+01 2.939393740e-47
6.505356300e+01 2.932584991e-47
6.520357700e+01 2.925818106e-47
6.535393700e+01 2.919092644e-47
6.550464400e+01 2.912408055e-47
6.565569800e+01 2.905763795e-47
6.580710100e+01 2.899159429e-47
6.595885200e+01 2.892594416e-47
6.611095400e+01 2.886068326e-47
6.626340600e+01 2.879580515e-47
6.641621000e+01 2.873130772e-47
6.656936700e+01 2.866718351e-47
6.672287600e+01 2.860343043e-47
6.687674000e+01 2.854004214e-47
6.703095800e+01 2.847701554e-47
6.718553200e+01 2.841434539e-47
6.734046200e+01 2.835202861e-47
6.749575000e+01 2.829005895e-47
6.765139500e+01 2.822843442e-47
6.780740000e+01 2.816715094e-47
6.796376400e+01 2.810620232e-47
6.812048900e+01 2.804558661e-47
6.827757600e+01 2.798529978e-47
6.843502400e+01 2.792533676e-47
6.859283600e+01 2.786569566e-47
6.875101200e+01 2.780637036e-47
6.890955200e+01 2.774736008e-47
6.906845800e+01 2.768865979e-47
6.922773000e+01 2.763026555e-47
6.938737000e+01 2.757217450e-47
6.954737800e+01 2.751438377e-47
6.970775500e+01 2.745688946e-47
6.986850100e+01 2.739968874e-47
7.002961900e+01 2.734277670e-47
7.019110700e+01 2.728615262e-47
7.035296900e+01 2.722981162e-47
7.051520300e+01 2.717375091e-47
7.067781200e+01 2.711796876e-47
7.084079500e+01 2.706246034e-47
7.100415500e+01 2.700722394e-47
7.116789100e+01 2.695225682e-47
7.133200400e+01 2.689755521e-47
7.149649700e+01 2.684311642e-47
7.166136800e+01 2.678893877e-47
7.182662000e+01 2.673501853e-47
7.199225200e+01 2.668135406e-47
7.215826700e+01 2.662794166e-47
7.232466500e+01 2.657477867e-47
7.249144600e+01 2.652186346e-47
7.265861200e+01 2.646919238e-47
7.282616300e+01 2.641676485e-47
7.299410100e+01 2.636457722e-47
7.316242600e+01 2.631262688e-47
7.333113900e+01 2.626091124e-47
7.350024100e+01 2.620942974e-47
7.366973300e+01 2.615817776e-47
7.383961600e+01 2.610715478e-47
7.400989100e+01 2.605635822e-47
7.418055800e+01 2.600578553e-47
7.435161900e+01 2.595543519e-47
7.452307400e+01 2.590530465e-47
7.469492500e+01 2.585539240e-47
7.486717200e+01 2.580569490e-47
7.503981700e+01 2.575621167e-47
7.521285900e+01 2.570694021e-47
7.538630000e+01 2.565787902e-47
7.556014200e+01 2.560902562e-47
7.573438400e+01 2.556037752e-47
7.590902800e+01 2.551193427e-47
7.608407500e+01 2.546369340e-47
7.625952500e+01 2.541565346e-47
7.643538000e+01 2.536781200e-47
7.661164100e+01 2.532016756e-47
7.678830800e+01 2.527271873e-47
7.696538200e+01 2.522546406e-47
7.714286500e+01 2.517840014e-47
7.732075700e+01 2.513152754e-47
7.749906000e+01 2.508484386e-47
7.767777300e+01 2.503834669e-47
7.785689800e+01 2.499203563e-47
7.803643700e+01 2.494590829e-47
7.821639000e+01 2.489996327e-47
7.839675700e+01 2.485419920e-47
7.857754100e+01 2.480861569e-47
7.875874100e+01 2.476320937e-47
7.894035900e+01 2.471797987e-47
7.912239700e+01 2.467292583e-47
7.930485300e+01 2.462804589e-47
7.948773100e+01 2.458333769e-47
7.967103000e+01 2.453880090e-47
7.985475200e+01 2.449443414e-47
8.003889800e+01 2.445023610e-47
8.022346800e+01 2.440620543e-47
8.040846400e+01 2.436233980e-47
8.059388700e+01 2.431863889e-47
8.077973700e+01 2.427510236e-47
8.096601600e+01 2.423172691e-47
8.115272400e+01 2.418851320e-47
8.133986300e+01 2.414545894e-47
8.152743300e+01 2.410256380e-47
8.171543600e+01 2.405982550e-47
8.190387200e+01 2.401724373e-47
8.209274300e+01 2.397481816e-47
8.228205000e+01 2.393254555e-47
8.247179300e+01 2.389042657e-47
8.266197300e+01 2.384845895e-47
8.285259200e+01 2.380664241e-47
8.304365100e+01 2.376497663e-47
8.323515000e+01 2.372345840e-47
8.342709100e+01 2.368208936e-47
8.361947500e+01 2.364086631e-47
8.381230200e+01 2.359978896e-47
8.400557400e+01 2.355885703e-47
8.419929100e+01 2.351806828e-47
8.439345600e+01 2.347742341e-47
8.458806700e+01 2.343692019e-47
8.478312800e+01 2.339655836e-47
8.497863900e+01 2.335633570e-47
8.517460000e+01 2.331625388e-47
8.537101300e+01 2.327630876e-47
8.556788000e+01 2.323650297e-47
8.576520000e+01 2.319683238e-47
8.596297500e+01 2.315729868e-47
8.616120600e+01 2.311789965e-47
8.635989500e+01 2.307863410e-47
8.655904100e+01 2.303950272e-47
8.675864700e+01 2.300050430e-47
8.695871300e+01 2.296163667e-47
8.715924100e+01 2.292290053e-47
8.736023100e+01 2.288429468e-47
8.756168400e+01 2.284581792e-47
8.776360200e+01 2.280747000e-47
8.796598500e+01 2.276925068e-47
8.816883600e+01 2.273115781e-47
8.837215400e+01 2.269319211e-47
8.857594000e+01 2.265535143e-47
8.878019700e+01 2.261763649e-47
8.898492500e+01 2.258004611e-47
8.919012500e+01 2.254257910e-47
8.939579800e+01 2.250523428e-47
8.960194500e+01 2.246801333e-47
8.980856800e+01 2.243091317e-47
9.001566700e+01 2.239393452e-47
9.022324400e+01 2.235707527e-47
9.043130000e+01 2.232033709e-47
9.063983500e+01 2.228371693e-47
9.084885100e+01 2.224721644e-47
9.105834900e+01 2.221083353e-47
9.126833100e+01 2.217456704e-47
9.147879600e+01 2.213841864e-47
9.168974700e+01 2.210238530e-47
9.190118400e+01 2.206646773e-47
9.211310900e+01 2.203066574e-47
9.232552200e+01 2.199497723e-47
9.253842600e+01 2.195940294e-47
9.275182000e+01 2.192394172e-47
9.296570700e+01 2.188859430e-47
9.318008600e+01 2.185335768e-47
9.339496000e+01 2.181823353e-47
9.361033000e+01 2.178322070e-47
9.382619600e+01 2.174831806e-47
9.404256000e+01 2.171352542e-47
9.425942300e+01 2.167884258e-47
9.447678600e+01 2.164426841e-47
9.469465000e+01 2.160980364e-47
9.491301600e+01 2.157544624e-47
9.513188600e+01 2.154119692e-47
9.535126100e+01 2.150705458e-47
9.557114200e+01 2.147301902e-47
9.579153000e+01 2.143908912e-47
9.601242600e+01 2.140526563e-47
9.623383100e+01 2.137154743e-47
9.645574700e+01 2.133793341e-47
9.667817500e+01 2.130442432e-47
9.690111500e+01 2.127101904e-47
9.712457000e+01 2.123771647e-47
9.734854000e+01 2.120451827e-47
9.757302700e+01 2.117142150e-47
9.779803100e+01 2.113842782e-47
9.802355400e+01 2.110553521e-47
9.824959700e+01 2.107274442e-47
9.847616100e+01 2.104005434e-47
9.870324800e+01 2.100746573e-47
9.893085800e+01 2.097497656e-47
9.915899400e+01 2.094258667e-47
9.938765500e+01 2.091029681e-47
9.961684400e+01 2.087810588e-47
9.984656100e+01 2.084601371e-47
1.000768100e+02 2.081401922e-47
1.003075900e+02 2.078212315e-47
1.005389000e+02 2.075032443e-47
1.007707400e+02 2.071862288e-47
1.010031200e+02 2.068701743e-47
1.012360300e+02 2.065550882e-47
1.014694800e+02 2.062409688e-47
1.017034700e+02 2.059277964e-47
1.019380000e+02 2.056155784e-47
1.021730700e+02 2.053043223e-47
1.024086800e+02 2.049939991e-47
1.026448400e+02 2.046846255e-47
1.028815400e+02 2.043761908e-47
1.031187800e+02 2.040686933e-47
1.033565800e+02 2.037621315e-47
1.035949200e+02 2.034564948e-47
1.038338100e+02 2.031517906e-47
1.040732500e+02 2.028480084e-47
1.043132400e+02 2.025451465e-47
1.045537900e+02 2.022432035e-47
1.047948900e+02 2.019421687e-47
1.050365500e+02 2.016420497e-47
1.052787600e+02 2.013428448e-47
1.055215400e+02 2.010445347e-47
1.057648700e+02 2.007471358e-47
1.060087700e+02 2.004506374e-47
1.062532200e+02 2.001550293e-47
1.064982400e+02 1.998603189e-47
1.067438300e+02 1.995665046e-47
1.069899800e+02 1.992735671e-47
1.072367000e+02 1.989815228e-47
1.074839900e+02 1.986903613e-47
1.077318500e+02 1.984000810e-47
1.079802800e+02 1.981106718e-47
1.082292800e+02 1.978221498e-47
1.084788600e+02 1.975344869e-47
1.087290100e+02 1.972476996e-47
1.089797400e+02 1.969617774e-47
1.092310500e+02 1.966767278e-47
1.094829400e+02 1.963925317e-47
1.097354100e+02 1.961091964e-47
1.099884600e+02 1.958267206e-47
1.102420900e+02 1.955450940e-47
1.104963100e+02 1.952643240e-47
1.107511200e+02 1.949844005e-47
1.110065100e+02 1.947053308e-47
1.112624900e+02 1.944271047e-47
1.115190600e+02 1.941497121e-47
1.117762300e+02 1.938731691e-47
1.120339800e+02 1.935974568e-47
1.122923400e+02 1.933225914e-47
1.125512800e+02 1.930485453e-47
1.128108300e+02 1.927753433e-47
1.130709700e+02 1.925029665e-47
1.133317100e+02 1.922314137e-47
1.135930600e+02 1.919606834e-47
1.138550000e+02 1.916907832e-47
1.141175500e+02 1.914216941e-47
1.143807100e+02 1.911534323e-47
1.146444700e+02 1.908859790e-47
1.149088400e+02 1.906193417e-47
1.151738200e+02 1.903535190e-47
1.154394200e+02 1.900885009e-47
1.157056200e+02 1.898242948e-47
1.159724400e+02 1.895608993e-47
1.162398700e+02 1.892983046e-47
1.165079200e+02 1.890365093e-47
1.167765900e+02 1.887755120e-47
1.170458800e+02 1.885153204e-47
1.173157900e+02 1.882559155e-47
1.175863200e+02 1.879973137e-47
1.178574700e+02 1.877394962e-47
1.181292500e+02 1.874824791e-47
1.184016600e+02 1.872262438e-47
1.186746900e+02 1.869707978e-47
1.189483600e+02 1.867161310e-47
1.192226500e+02 1.864622597e-47
1.194975800e+02 1.862091566e-47
1.197731400e+02 1.859568376e-47
1.200493400e+02 1.857053017e-47
1.203261800e+02 1.854545390e-47
1.206036500e+02 1.852045481e-47
1.208817600e+02 1.849553365e-47
1.211605200e+02 1.847068944e-47
1.214399100e+02 1.844592206e-47
1.217199600e+02 1.842123138e-47
1.220006400e+02 1.839661728e-47
1.222819800e+02 1.837207965e-47
1.225639600e+02 1.834761836e-47
1.228465900e+02 1.832323329e-47
1.231298800e+02 1.829892433e-47
1.234138200e+02 1.827469050e-47
1.236984100e+02 1.825053338e-47
1.239836600e+02 1.822645116e-47
1.242695700e+02 1.820244457e-47
1.245561300e+02 1.817851264e-47
1.248433600e+02 1.815465610e-47
1.251312500e+02 1.813087484e-47
1.254198100e+02 1.810716788e-47
1.257090200e+02 1.808353597e-47
1.259989100e+02 1.805997814e-47
1.262894600e+02 1.803649512e-47
1.265806900e+02 1.801308594e-47
1.268725900e+02 1.798975050e-47
1.271651500e+02 1.796648953e-47
1.274584000e+02 1.794330205e-47
1.277523200e+02 1.792018797e-47
1.280469200e+02 1.789714802e-47
1.283421900e+02 1.787418123e-47
1.286381500e+02 1.785128749e-47
1.289347900e+02 1.782846669e-47
1.292321200e+02 1.780571956e-47
1.295301300e+02 1.778304430e-47
1.298288200e+02 1.776044249e-47
1.301282100e+02 1.773791317e-47
1.304282900e+02 1.771545624e-47
1.307290600e+02 1.769307158e-47
1.310305200e+02 1.767075908e-47
1.313326800e+02 1.764851863e-47
1.316355300e+02 1.762635012e-47
1.319390800e+02 1.760425429e-47
1.322433300e+02 1.758222934e-47
1.325482900e+02 1.756027600e-47
1.328539500e+02 1.753839417e-47
1.331603100e+02 1.751658375e-47
1.334673800e+02 1.749484544e-47
1.337751500e+02 1.747317749e-47
1.340836400e+02 1.745158061e-47
1.343928400e+02 1.743005470e-47
1.347027500e+02 1.740859965e-47
1.350133700e+02 1.738721536e-47
1.353247200e+02 1.736590089e-47
1.356367800e+02 1.734465779e-47
1.359495600e+02 1.732348513e-47
1.362630600e+02 1.730238281e-47
1.365772800e+02 1.728134988e-47
1.368922300e+02 1.726038790e-47
1.372079000e+02 1.723949512e-47
1.375243100e+02 1.721867225e-47
1.378414400e+02 1.719792003e-47
1.381593000e+02 1.717723668e-47
1.384779000e+02 1.715662294e-47
1.387972300e+02 1.713607870e-47
1.391173000e+02 1.711560468e-47
1.394381000e+02 1.709519914e-47
1.397596500e+02 1.707486279e-47
1.400819300e+02 1.705459554e-47
1.404049600e+02 1.703439727e-47
1.407287400e+02 1.701426790e-47
1.410532600e+02 1.699420814e-47
1.413785300e+02 1.697421625e-47
1.417045500e+02 1.695429294e-47
1.420313200e+02 1.693443895e-47
1.423588500e+02 1.691465252e-47
1.426871300e+02 1.689493520e-47
1.430161700e+02 1.687528524e-47
1.433459600e+02 1.685570420e-47
1.436765200e+02 1.683619115e-47
1.440078400e+02 1.681674682e-47
1.443399200e+02 1.679736945e-47
1.446727700e+02 1.677806061e-47
1.450063900e+02 1.675881936e-47
1.453407700e+02 1.673964561e-47
1.456759300e+02 1.672053926e-47
1.460118600e+02 1.670150104e-47
1.463485600e+02 1.668253003e-47
1.466860400e+02 1.666362695e-47
1.470243000e+02 1.664479089e-47
1.473633400e+02 1.662602174e-47
1.477031600e+02 1.660732024e-47
1.480437700e+02 1.658868547e-47
1.483851600e+02 1.657011815e-47
1.487273400e+02 1.655161737e-47
1.490703000e+02 1.653318385e-47
1.494140600e+02 1.651481749e-47
1.497586100e+02 1.649651739e-47
1.501039500e+02 1.647828426e-47
1.504500900e+02 1.646011802e-47
1.507970300e+02 1.644201775e-47
1.511447700e+02 1.642398418e-47
1.514933100e+02 1.640601721e-47
1.518426600e+02 1.638811674e-47
1.521928100e+02 1.637028270e-47
1.525437700e+02 1.635251497e-47
1.528955300e+02 1.633481266e-47
1.532481100e+02 1.631717731e-47
1.536015000e+02 1.629960800e-47
1.539557100e+02 1.628210464e-47
1.543107300e+02 1.626466715e-47
1.546665700e+02 1.624729543e-47
1.550232400e+02 1.622999020e-47
1.553807200e+02 1.621274976e-47
1.557390300e+02 1.619557563e-47
1.560981700e+02 1.617846771e-47
1.564581300e+02 1.616142512e-47
1.568189200e+02 1.614444775e-47
1.571805500e+02 1.612753634e-47
1.575430100e+02 1.611069079e-47
1.579063000e+02 1.609391020e-47
1.582704400e+02 1.607719529e-47
1.586354100e+02 1.606054517e-47
1.590012200e+02 1.604396136e-47
1.593678800e+02 1.602744216e-47
1.597353900e+02 1.601098829e-47
1.601037400e+02 1.599459966e-47
1.604729400e+02 1.597827618e-47
1.608429900e+02 1.596201777e-47
1.612138900e+02 1.594582434e-47
1.615856500e+02 1.592969660e-47
1.619582700e+02 1.591363287e-47
1.623317500e+02 1.589763465e-47
1.627060900e+02 1.588170108e-47
1.630812900e+02 1.586583285e-47
1.634573600e+02 1.585002908e-47
1.638342900e+02 1.583429049e-47
1.642120900e+02 1.581861620e-47
1.645907700e+02 1.580300691e-47
1.649703100e+02 1.578746254e-47
1.653507400e+02 1.577198301e-47
1.657320400e+02 1.575656744e-47
1.661142200e+02 1.574121733e-47
1.664972800e+02 1.572593101e-47
1.668812200e+02 1.571070920e-47
1.672660500e+02 1.569555260e-47
1.676517700e+02 1.568046033e-47
1.680383700e+02 1.566543232e-47
1.684258700e+02 1.565046848e-47
1.688142600e+02 1.563556952e-47
1.692035500e+02 1.562073537e-47
1.695937300e+02 1.560596513e-47
1.699848200e+02 1.559125875e-47
1.703768100e+02 1.557661770e-47
1.707697000e+02 1.556204034e-47
1.711634900e+02 1.554752738e-47
1.715582000e+02 1.553307872e-47
1.719538100e+02 1.551869430e-47
1.723503400e+02 1.550437403e-47
1.727477800e+02 1.549011783e-47
1.731461400e+02 1.547592641e-47
1.735454100e+02 1.546179890e-47
1.739456100e+02 1.544773523e-47
1.743467300e+02 1.543373610e-47
1.747487700e+02 1.541980143e-47
1.751517500e+02 1.540593037e-47
1.755556500e+02 1.539212360e-47
1.759604800e+02 1.537838107e-47
1.763662500e+02 1.536470190e-47
1.767729500e+02 1.535108759e-47
1.771805900e+02 1.533753728e-47
1.775891700e+02 1.532405088e-47
1.779986900e+02 1.531062911e-47
1.784091600e+02 1.529727111e-47
1.788205700e+02 1.528397679e-47
1.792329300e+02 1.527074687e-47
1.796462400e+02 1.525758049e-47
1.800605100e+02 1.524447914e-47
1.804757300e+02 1.523144117e-47
1.808919100e+02 1.521846730e-47
1.813090500e+02 1.520555744e-47
1.817271500e+02 1.519271232e-47
1.821462100e+02 1.517993028e-47
1.825662400e+02 1.516721281e-47
1.829872400e+02 1.515455907e-47
1.834092100e+02 1.514196976e-47
1.838321500e+02 1.512944480e-47
1.842560700e+02 1.511698335e-47
1.846809700e+02 1.510458610e-47
1.851068400e+02 1.509225299e-47
1.855337000e+02 1.507998394e-47
1.859615400e+02 1.506777888e-47
1.863903700e+02 1.505563852e-47
1.868201900e+02 1.504356123e-47
1.872510000e+02 1.503154927e-47
1.876828000e+02 1.501960101e-47
1.881156000e+02 1.500771639e-47
1.885493900e+02 1.499589611e-47
1.889841900e+02 1.498414010e-47
1.894199900e+02 1.497244906e-47
1.898567900e+02 1.496082137e-47
1.902946000e+02 1.494925775e-47
1.907334300e+02 1.493775888e-47
1.911732600e+02 1.492632472e-47
1.916141100e+02 1.491495363e-47
1.920559700e+02 1.490364787e-47
1.924988500e+02 1.489240583e-47
1.929427600e+02 1.488122821e-47
1.933876800e+02 1.487011571e-47
1.938336400e+02 1.485906672e-47
1.942806200e+02 1.484808273e-47
1.947286300e+02 1.483716288e-47
1.951776800e+02 1.482630712e-47
1.956277600e+02 1.481551615e-47
1.960788800e+02 1.480478990e-47
1.965310400e+02 1.479412831e-47
1.969842400e+02 1.478353131e-47
1.974384900e+02 1.477299883e-47
1.978937800e+02 1.476253081e-47
1.983501200e+02 1.475212719e-47
1.988075200e+02 1.474178866e-47
1.992659700e+02 1.473151517e-47
1.997254800e+02 1.472130589e-47
2.001860500e+02 1.471116151e-47
2.006476800e+02 1.470108197e-47
2.011103800e+02 1.469106798e-47
2.015741400e+02 1.468111795e-47
2.020389700e+02 1.467123333e-47
2.025048700e+02 1.466141407e-47
2.029718500e+02 1.465165934e-47
2.034399100e+02 1.464196985e-47
2.039090400e+02 1.463234554e-47
2.043792600e+02 1.462278633e-47
2.048505600e+02 1.461329218e-47
2.053229400e+02 1.460386301e-47
2.057964200e+02 1.459449955e-47
2.062709900e+02 1.458520095e-47
2.067466500e+02 1.457596870e-47
2.072234100e+02 1.456680119e-47
2.077012700e+02 1.455769915e-47
2.081802300e+02 1.454866250e-47
2.086602900e+02 1.453969195e-47
2.091414700e+02 1.453078669e-47
2.096237500e+02 1.452194741e-47
2.101071400e+02 1.451317331e-47
2.105916500e+02 1.450446583e-47
2.110772800e+02 1.449582341e-47
2.115640200e+02 1.448724751e-47
2.120518900e+02 1.447873730e-47
2.125408800e+02 1.447029275e-47
2.130310000e+02 1.446191455e-47
2.135222600e+02 1.445360264e-47
2.140146400e+02 1.444535698e-47
2.145081600e+02 1.443717750e-47
2.150028200e+02 1.442906415e-47
2.154986100e+02 1.442101688e-47
2.159955600e+02 1.441303640e-47
2.164936400e+02 1.440512265e-47
2.169928800e+02 1.439727557e-47
2.174932700e+02 1.438949436e-47
2.179948100e+02 1.438178048e-47
2.184975000e+02 1.437413312e-47
2.190013600e+02 1.436655299e-47
2.195063800e+02 1.435903928e-47
2.200125600e+02 1.435159269e-47
2.205199100e+02 1.434421318e-47
2.210284400e+02 1.433690069e-47
2.215381300e+02 1.432965593e-47
2.220490000e+02 1.432247810e-47
2.225610400e+02 1.431536714e-47
2.230742700e+02 1.430832452e-47
2.235886800e+02 1.430134868e-47
2.241042800e+02 1.429444108e-47
2.246210700e+02 1.428760016e-47
2.251390400e+02 1.428082815e-47
2.256582200e+02 1.427412348e-47
2.261785900e+02 1.426748611e-47
2.267001600e+02 1.426091751e-47
2.272229300e+02 1.425441686e-47
2.277469100e+02 1.424798413e-47
2.282720900e+02 1.424162003e-47
2.287984900e+02 1.423532375e-47
2.293261000e+02 1.422909601e-47
2.298549300e+02 1.422293676e-47
2.303849700e+02 1.421684671e-47
2.309162400e+02 1.421082431e-47
2.314487400e+02 1.420487179e-47
2.319824600e+02 1.419898758e-47
2.325174100e+02 1.419317241e-47
2.330536000e+02 1.418742622e-47
2.335910200e+02 1.418174899e-47
2.341296900e+02 1.417614142e-47
2.346695900e+02 1.417060346e-47
2.352107400e+02 1.416513434e-47
2.357531400e+02 1.415973475e-47
2.362967900e+02 1.415440542e-47
2.368416900e+02 1.414914556e-47
2.373878500e+02 1.414395511e-47
2.379352700e+02 1.413883556e-47
2.384839500e+02 1.413378536e-47
2.390338900e+02 1.412880522e-47
2.395851100e+02 1.412389587e-47
2.401375900e+02 1.411905650e-47
2.406913500e+02 1.411428859e-47
2.412463900e+02 1.410958986e-47
2.418027000e+02 1.410496326e-47
2.423603000e+02 1.410040651e-47
2.429191900e+02 1.409592108e-47
2.434793600e+02 1.409150619e-47
2.440408300e+02 1.408716330e-47
2.446035900e+02 1.408289089e-47
2.451676400e+02 1.407869041e-47
2.457330000e+02 1.407456184e-47
2.462996700e+02 1.407050439e-47
2.468676300e+02 1.406651879e-47
2.474369100e+02 1.406260500e-47
2.480075000e+02 1.405876300e-47
2.485794100e+02 1.405499350e-47
2.491526400e+02 1.405129648e-47
2.497271900e+02 1.404767116e-47
2.503030600e+02 1.404411901e-47
2.508802600e+02 1.404063925e-47
2.514587900e+02 1.403723261e-47
2.520386600e+02 1.403389831e-47
2.526198600e+02 1.403063707e-47
2.532024000e+02 1.402744962e-47
2.537862900e+02 1.402433518e-47
2.543715200e+02 1.402129373e-47
2.549581100e+02 1.401832674e-47
2.555460400e+02 1.401543270e-47
2.561353300e+02 1.401261307e-47
2.567259800e+02 1.400986709e-47
2.573179900e+02 1.400719473e-47
2.579113700e+02 1.400459748e-47
2.585061200e+02 1.400207455e-47
2.591022300e+02 1.399962594e-47
2.596997300e+02 1.399725236e-47
2.602985900e+02 1.399495306e-47
2.608988500e+02 1.399272876e-47
2.615004800e+02 1.399058019e-47
2.621035000e+02 1.398850659e-47
2.627079200e+02 1.398650869e-47
2.633137200e+02 1.398458647e-47
2.639209200e+02 1.398273992e-47
2.645295300e+02 1.398096902e-47
2.651395400e+02 1.397927376e-47
2.657509500e+02 1.397765561e-47
2.663637700e+02 1.397611383e-47
2.669780100e+02 1.397464764e-47
2.675936600e+02 1.397325928e-47
2.682107400e+02 1.397194725e-47
2.688292300e+02 1.397071227e-47
2.694491500e+02 1.396955434e-47
2.700705100e+02 1.396847420e-47
2.706932900e+02 1.396747109e-47
2.713175100e+02 1.396654574e-47
2.719431700e+02 1.396569816e-47
2.725702800e+02 1.396492909e-47
2.731988200e+02 1.396423850e-47
2.738288200e+02 1.396362566e-47
2.744602700e+02 1.396309131e-47
2.750931800e+02 1.396263618e-47
2.757275500e+02 1.396225952e-47
2.763633800e+02 1.396196209e-47
2.770006700e+02 1.396174388e-47
2.776394400e+02 1.396160488e-47
2.782796800e+02 1.396154584e-47
2.789213900e+02 1.396156676e-47
2.795645900e+02 1.396166765e-47
2.802092700e+02 1.396184850e-47
2.808554300e+02 1.396210931e-47
2.815030900e+02 1.396245159e-47
2.821522300e+02 1.396287383e-47
2.828028800e+02 1.396337754e-47
2.834550300e+02 1.396396198e-47
2.841086800e+02 1.396462789e-47
2.847638300e+02 1.396537528e-47
2.854205000e+02 1.396620492e-47
2.860786800e+02 1.396711604e-47
2.867383800e+02 1.396810868e-47
2.873996000e+02 1.396918432e-47
2.880623500e+02 1.397034223e-47
2.887266200e+02 1.397158318e-47
2.893924300e+02 1.397290641e-47
2.900597700e+02 1.397431344e-47
2.907286500e+02 1.397580354e-47
2.913990700e+02 1.397737746e-47
2.920710400e+02 1.397903447e-47
2.927445600e+02 1.398077608e-47
2.934196300e+02 1.398260156e-47
2.940962600e+02 1.398451168e-47
2.947744400e+02 1.398650645e-47
2.954542000e+02 1.398858588e-47
2.961355200e+02 1.399075001e-47
2.968184100e+02 1.399299958e-47
2.975028700e+02 1.399533464e-47
2.981889200e+02 1.399775594e-47
2.988765400e+02 1.400026276e-47
2.995657500e+02 1.400285513e-47
3.002565600e+02 1.400553456e-47
3.009489500e+02 1.400830032e-47
3.016429400e+02 1.401115321e-47
3.023385300e+02 1.401409323e-47
3.030357300e+02 1.401712042e-47
3.037345300e+02 1.402023555e-47
3.044349400e+02 1.402343791e-47
3.051369700e+02 1.402672828e-47
3.058406200e+02 1.403010668e-47
3.065458900e+02 1.403357389e-47
3.072527900e+02 1.403712995e-47
3.079613100e+02 1.404077490e-47
3.086714800e+02 1.404450951e-47
3.093832700e+02 1.404833307e-47
3.100967200e+02 1.405224637e-47
3.108118000e+02 1.405625019e-47
3.115285300e+02 1.406034308e-47
3.122469200e+02 1.406452732e-47
3.129669700e+02 1.406880221e-47
3.136886700e+02 1.407316777e-47
3.144120400e+02 1.407762481e-47
3.151370800e+02 1.408217338e-47
3.158637800e+02 1.408681425e-47
3.165921700e+02 1.409154598e-47
3.173222300e+02 1.409637087e-47
3.180539800e+02 1.410128821e-47
3.187874100e+02 1.410629805e-47
3.195225400e+02 1.411140119e-47
3.202593600e+02 1.411659768e-47
3.209978800e+02 1.412188757e-47
3.217381100e+02 1.412727166e-47
3.224800400e+02 1.413275002e-47
3.232236800e+02 1.413832268e-47
3.239690300e+02 1.414398971e-47
3.247161100e+02 1.414975267e-47
3.254649100e+02 1.415561012e-47
3.262154300e+02 1.416156360e-47
3.269676900e+02 1.416761244e-47
3.277216800e+02 1.417375819e-47
3.284774100e+02 1.417999942e-47
3.292348800e+02 1.418633845e-47
3.299941000e+02 1.419277382e-47
3.307550600e+02 1.419930637e-47
3.315177900e+02 1.420593691e-47
3.322822700e+02 1.421266551e-47
3.330485200e+02 1.421949223e-47
3.338165300e+02 1.422641791e-47
3.345863100e+02 1.423344185e-47
3.353578700e+02 1.424056489e-47
3.361312100e+02 1.424778710e-47
3.369063300e+02 1.425510930e-47
3.376832400e+02 1.426253233e-47
3.384619400e+02 1.427005475e-47
3.392424300e+02 1.427767815e-47
3.400247300e+02 1.428540262e-47
3.408088300e+02 1.429322822e-47
3.415947400e+02 1.430115581e-47
3.423824600e+02 1.430918546e-47
3.431719900e+02 1.431731725e-47
3.439633500e+02 1.432555128e-47
3.447565300e+02 1.433388838e-47
3.455515400e+02 1.434232864e-47
3.463483900e+02 1.435087291e-47
3.471470700e+02 1.435952129e-47
3.479475900e+02 1.436827309e-47
3.487499600e+02 1.437712994e-47
3.495541800e+02 1.438609193e-47
3.503602600e+02 1.439515915e-47
3.511681900e+02 1.440433169e-47
3.519779900e+02 1.441361043e-47
3.527896500e+02 1.442299545e-47
3.536031900e+02 1.443248686e-47
3.544186000e+02 1.444208552e-47
3.552358900e+02 1.445179153e-47
3.560550700e+02 1.446160576e-47
3.568761300e+02 1.447152755e-47
3.576990900e+02 1.448155778e-47
3.585239500e+02 1.449169731e-47
3.593507100e+02 1.450194549e-47
3.601793700e+02 1.451230320e-47
3.610099500e+02 1.452277131e-47
3.618424400e+02 1.453334918e-47
3.626768500e+02 1.454403768e-47
3.635131900e+02 1.455483770e-47
3.643514500e+02 1.456574858e-47
3.651916500e+02 1.457677198e-47
3.660337900e+02 1.458790726e-47
3.668778600e+02 1.459915454e-47
3.677238900e+02 1.461051547e-47
3.685718600e+02 1.462198942e-47
3.694217900e+02 1.463357728e-47
3.702736800e+02 1.464527842e-47
3.711275300e+02 1.465709525e-47
3.719833600e+02 1.466902639e-47
3.728411500e+02 1.468107273e-47
3.737009300e+02 1.469323518e-47
3.745626800e+02 1.470551387e-47
3.754264300e+02 1.471790895e-47
3.762921600e+02 1.473042132e-47
3.771599000e+02 1.474305035e-47
3.780296300e+02 1.475579773e-47
3.789013700e+02 1.476866360e-47
3.797751200e+02 1.478164735e-47
3.806508800e+02 1.479475065e-47
3.815286700e+02 1.480797366e-47
3.824084800e+02 1.482131653e-47
3.832903100e+02 1.483478019e-47
3.841741800e+02 1.484836402e-47
3.850600900e+02 1.486206972e-47
3.859480400e+02 1.487589745e-47
3.868380400e+02 1.488984660e-47
3.877300900e+02 1.490391888e-47
3.886242000e+02 1.491811445e-47
3.895203700e+02 1.493243425e-47
3.904186100e+02 1.494687767e-47
3.913189200e+02 1.496144566e-47
3.922213000e+02 1.497613917e-47
3.931257700e+02 1.499095759e-47
3.940323200e+02 1.500590342e-47
3.949409600e+02 1.502097530e-47
3.958517000e+02 1.503617418e-47
3.967645300e+02 1.505150178e-47
3.976794800e+02 1.506695752e-47
3.985965300e+02 1.508254236e-47
3.995156900e+02 1.509825649e-47
4.004369800e+02 1.511410088e-47
4.013603900e+02 1.513007649e-47
4.022859300e+02 1.514618352e-47
4.032136100e+02 1.516242294e-47
4.041434200e+02 1.517879574e-47
4.050753800e+02 1.519530211e-47
4.060094800e+02 1.521194304e-47
4.069457500e+02 1.522871952e-47
4.078841700e+02 1.524563252e-47
4.088247500e+02 1.526268306e-47
4.097675000e+02 1.527987212e-47
4.107124300e+02 1.529720149e-47
4.116595400e+02 1.531467295e-47
4.126088300e+02 1.533228595e-47
4.135603000e+02 1.535004463e-47
4.145139800e+02 1.536795001e-47
4.154698500e+02 1.538600390e-47
4.164279300e+02 1.540421046e-47
4.173882100e+02 1.542257231e-47
4.183507100e+02 1.544109364e-47
4.193154300e+02 1.545977942e-47
4.202823800e+02 1.547863544e-47
4.212515500e+02 1.549767145e-47
4.222229600e+02 1.551689642e-47
4.231966100e+02 1.553632487e-47
4.241725100e+02 1.555597529e-47
4.251506500e+02 1.557587336e-47
4.261310500e+02 1.559605664e-47
4.271137100e+02 1.561657939e-47
4.280986400e+02 1.563752295e-47
4.290858400e+02 1.565901713e-47
4.300753100e+02 1.568127766e-47
4.310670700e+02 1.570468579e-47
4.320611100e+02 1.572996745e-47
4.330574500e+02 1.575865306e-47
4.340560800e+02 1.579445322e-47
4.350570200e+02 1.584843186e-47
4.360602700e+02 1.596731351e-47
4.370658200e+02 1.657611475e-47
4.380737000e+02 7.961808017e-47
4.390839000e+02 1.635981165e-47
4.400964300e+02 1.601566863e-47
4.411113000e+02 1.596331226e-47
4.421285100e+02 1.595862039e-47
4.431480600e+02 1.596838044e-47
4.441699600e+02 1.598410395e-47
4.451942200e+02 1.600286573e-47
4.462208400e+02 1.602350142e-47
4.472498300e+02 1.604557240e-47
4.482811900e+02 1.606909043e-47
4.493149300e+02 1.609459781e-47
4.503510500e+02 1.612382907e-47
4.513895700e+02 1.616267218e-47
4.524304700e+02 1.624030437e-47
4.534737800e+02 1.677802210e-47
4.545195000e+02 1.776526736e-47
4.555676200e+02 1.633934527e-47
4.566181600e+02 1.628426995e-47
4.576711300e+02 1.628821518e-47
4.587265200e+02 1.630445632e-47
4.597843500e+02 1.632489277e-47
4.608446200e+02 1.634720990e-47
4.619073300e+02 1.637054731e-47
4.629724900e+02 1.639452328e-47
4.640401100e+02 1.641894874e-47
4.651101900e+02 1.644372166e-47
4.661827300e+02 1.646878190e-47
4.672577600e+02 1.649409352e-47
4.683352600e+02 1.651963187e-47
4.694152400e+02 1.654538359e-47
4.704977200e+02 1.657133774e-47
4.715826900e+02 1.659748659e-47
4.726701600e+02 1.662382486e-47
4.737601400e+02 1.665035049e-47
4.748526400e+02 1.667705898e-47
4.759476500e+02 1.670395073e-47
4.770451900e+02 1.673102284e-47
4.781452600e+02 1.675827489e-47
4.792478600e+02 1.678570644e-47
4.803530100e+02 1.681331788e-47
4.814607100e+02 1.684110796e-47
4.825709600e+02 1.686907705e-47
4.836837800e+02 1.689722556e-47
4.847991500e+02 1.692555386e-47
4.859171100e+02 1.695406236e-47
4.870376300e+02 1.698275144e-47
4.881607500e+02 1.701162069e-47
4.892864500e+02 1.704067131e-47
4.904147500e+02 1.706990454e-47
4.915456500e+02 1.709931914e-47
4.926791600e+02 1.712891715e-47
4.938152800e+02 1.715869817e-47
4.949540200e+02 1.718866425e-47
4.960953900e+02 1.721881417e-47
4.972393900e+02 1.724914998e-47
4.983860200e+02 1.727967212e-47
4.995353100e+02 1.731038100e-47
5.006872400e+02 1.734127789e-47
5.018418300e+02 1.737236238e-47
5.029990800e+02 1.740363573e-47
5.041590000e+02 1.743509838e-47
5.053215900e+02 1.746675244e-47
5.064868700e+02 1.749859668e-47
5.076548300e+02 1.753063320e-47
5.088254900e+02 1.756286247e-47
5.099988400e+02 1.759528493e-47
5.111749000e+02 1.762790188e-47
5.123536800e+02 1.766071292e-47
5.135351700e+02 1.769372020e-47
5.147193800e+02 1.772692418e-47
5.159063300e+02 1.776032533e-47
5.170960100e+02 1.779392497e-47
5.182884400e+02 1.782772271e-47
5.194836200e+02 1.786172073e-47
5.206815500e+02 1.789591866e-47
5.218822500e+02 1.793031866e-47
5.230857100e+02 1.796492040e-47
5.242919500e+02 1.799972434e-47
5.255009700e+02 1.803473353e-47
5.267127800e+02 1.806994677e-47
5.279273900e+02 1.810536540e-47
5.291447900e+02 1.814098993e-47
5.303650000e+02 1.817682257e-47
5.315880300e+02 1.821286213e-47
5.328138700e+02 1.824911167e-47
5.340425500e+02 1.828557000e-47
5.352740500e+02 1.832223936e-47
5.365084000e+02 1.835912027e-47
5.377455900e+02 1.839621411e-47
5.389856400e+02 1.843352056e-47
5.402285400e+02 1.847104100e-47
5.414743100e+02 1.850877684e-47
5.427229600e+02 1.854672863e-47
5.439744800e+02 1.858489689e-47
5.452288900e+02 1.862328391e-47
5.464861900e+02 1.866188852e-47
5.477463900e+02 1.870071299e-47
5.490095000e+02 1.873975789e-47
5.502755200e+02 1.877902464e-47
5.515444600e+02 1.881851296e-47
5.528163300e+02 1.885822513e-47
5.540911200e+02 1.889816088e-47
5.553688600e+02 1.893832252e-47
5.566495500e+02 1.897870975e-47
5.579331900e+02 1.901932492e-47
5.592197800e+02 1.906016686e-47
5.605093500e+02 1.910123878e-47
5.618018900e+02 1.914254042e-47
5.630974100e+02 1.918407238e-47
5.643959100e+02 1.922583700e-47
5.656974200e+02 1.926783403e-47
5.670019200e+02 1.931006496e-47
5.683094300e+02 1.935253040e-47
5.696199500e+02 1.939523185e-47
5.709335000e+02 1.943817083e-47
5.722500800e+02 1.948134708e-47
5.735696900e+02 1.952476211e-47
5.748923500e+02 1.956841656e-47
5.762180600e+02 1.961231284e-47
5.775468200e+02 1.965645073e-47
5.788786500e+02 1.970083085e-47
5.802135400e+02 1.974545565e-47
5.815515200e+02 1.979032578e-47
5.828925800e+02 1.983544102e-47
5.842367400e+02 1.988080381e-47
5.855839900e+02 1.992641482e-47
5.869343500e+02 1.997227562e-47
5.882878300e+02 2.001838600e-47
5.896444300e+02 2.006474753e-47
5.910041500e+02 2.011136181e-47
5.923670100e+02 2.015822951e-47
5.937330100e+02 2.020535224e-47
5.951021700e+02 2.025272979e-47
5.964744800e+02 2.030036468e-47
5.978499500e+02 2.034825760e-47
5.992286000e+02 2.039640929e-47
6.006104200e+02 2.044482134e-47
6.019954300e+02 2.049349450e-47
6.033836400e+02 2.054242949e-47
6.047750500e+02 2.059162793e-47
6.061696600e+02 2.064109149e-47
6.075675000e+02 2.069082089e-47
6.089685500e+02 2.074081688e-47
6.103728400e+02 2.079108113e-47
6.117803600e+02 2.084161439e-47
6.131911300e+02 2.089241741e-47
6.146051600e+02 2.094349279e-47
6.160224400e+02 2.099484038e-47
6.174429900e+02 2.104646279e-47
6.188668200e+02 2.109835896e-47
6.202939300e+02 2.115053242e-47
6.217243300e+02 2.120298213e-47
6.231580400e+02 2.125571163e-47
6.245950400e+02 2.130871988e-47
6.260353600e+02 2.136201045e-47
6.274790100e+02 2.141558230e-47
6.289259800e+02 2.146943809e-47
6.303762900e+02 2.152357863e-47
6.318299400e+02 2.157800474e-47
6.332869400e+02 2.163271819e-47
6.347473100e+02 2.168771979e-47
6.362110400e+02 2.174301131e-47
6.376781500e+02 2.179859453e-47
6.391486400e+02 2.185446936e-47
6.406225200e+02 2.191063757e-47
6.420998000e+02 2.196710004e-47
6.435804900e+02 2.202385948e-47
6.450645900e+02 2.208091583e-47
6.465521100e+02 2.213827090e-47
6.480430700e+02 2.219592650e-47
6.495374600e+02 2.225388257e-47
6.510353000e+02 2.231214094e-47
6.525365900e+02 2.237070344e-47
6.540413400e+02 2.242957192e-47
6.555495700e+02 2.248874632e-47
6.570612700e+02 2.254822851e-47
6.585764600e+02 2.260802034e-47
6.600951400e+02 2.266812177e-47
6.616173200e+02 2.272853660e-47
6.631430200e+02 2.278926383e-47
6.646722300e+02 2.285030535e-47
6.662049700e+02 2.291166305e-47
6.677412500e+02 2.297333885e-47
6.692810600e+02 2.303533368e-47
6.708244300e+02 2.309764753e-47
6.723713600e+02 2.316028426e-47
6.739218500e+02 2.322324290e-47
6.754759200e+02 2.328652635e-47
6.770335700e+02 2.335013558e-47
6.785948100e+02 2.341407254e-47
6.801596600e+02 2.347833822e-47
6.817281100e+02 2.354293361e-47
6.833001800e+02 2.360786164e-47
6.848758800e+02 2.367312139e-47
6.864552100e+02 2.373871677e-47
6.880381800e+02 2.380464783e-47
6.896248000e+02 2.387091656e-47
6.912150800e+02 2.393752400e-47
6.928090300e+02 2.400447214e-47
6.944066500e+02 2.407176203e-47
6.960079600e+02 2.413939569e-47
6.976129600e+02 2.420737417e-47
6.992216600e+02 2.427569853e-47
7.008340700e+02 2.434437179e-47
7.024502000e+02 2.441339503e-47
7.040700500e+02 2.448276832e-47
7.056936400e+02 2.455249474e-47
7.073209800e+02 2.462257634e-47
7.089520700e+02 2.469301225e-47
7.105869100e+02 2.476380652e-47
7.122255300e+02 2.483495929e-47
7.138679300e+02 2.490647264e-47
7.155141200e+02 2.497834869e-47
7.171641000e+02 2.505058857e-47
7.188178800e+02 2.512319339e-47
7.204754800e+02 2.519616531e-47
7.221369000e+02 2.526950544e-47
7.238021600e+02 2.534321595e-47
7.254712500e+02 2.541729799e-47
7.271441900e+02 2.549175473e-47
7.288209900e+02 2.556658532e-47
7.305016600e+02 2.564179396e-47
7.321862000e+02 2.571738081e-47
7.338746300e+02 2.579334707e-47
7.355669500e+02 2.586969594e-47
7.372631700e+02 2.594642863e-47
7.389633100e+02 2.602354634e-47
7.406673600e+02 2.610105028e-47
7.423753500e+02 2.617894371e-47
7.440872700e+02 2.625722785e-47
7.458031400e+02 2.633590392e-47
7.475229700e+02 2.641497420e-47
7.492467600e+02 2.649443993e-47
7.509745300e+02 2.657430234e-47
7.527062800e+02 2.665456476e-47
7.544420300e+02 2.673522845e-47
7.561817800e+02 2.681629469e-47
7.579255400e+02 2.689776578e-47
7.596733200e+02 2.697964300e-47
7.614251400e+02 2.706192764e-47
7.631809900e+02 2.714462309e-47
7.649408900e+02 2.722773063e-47
7.667048500e+02 2.731125159e-47
7.684728800e+02 2.739518833e-47
7.702449800e+02 2.747954217e-47
7.720211700e+02 2.756431548e-47
7.738014600e+02 2.764950961e-47
7.755858500e+02 2.773512695e-47
7.773743600e+02 2.782116991e-47
7.791669900e+02 2.790763880e-47
7.809637500e+02 2.799453708e-47
7.827646600e+02 2.808186509e-47
7.845697200e+02 2.816962631e-47
7.863789500e+02 2.825782213e-47
7.881923400e+02 2.834645503e-47
7.900099200e+02 2.843552532e-47
7.918316900e+02 2.852503763e-47
7.936576600e+02 2.861499123e-47
7.954878400e+02 2.870538969e-47
7.973222400e+02 2.879623445e-47
7.991608700e+02 2.888752693e-47
8.010037400e+02 2.897927074e-47
8.028508600e+02 2.907146734e-47
8.047022400e+02 2.916411819e-47
8.065578900e+02 2.925722691e-47
8.084178200e+02 2.935079283e-47
8.102820400e+02 2.944482068e-47
8.121505600e+02 2.953931196e-47
8.140233800e+02 2.963426817e-47
8.159005200e+02 2.972969300e-47
8.177820000e+02 2.982558688e-47
8.196678100e+02 2.992195244e-47
8.215579700e+02 3.001879339e-47
8.234524900e+02 3.011611128e-47
8.253513800e+02 3.021390877e-47
8.272546400e+02 3.031218963e-47
8.291623000e+02 3.041095544e-47
8.310743500e+02 3.051020999e-47
8.329908200e+02 3.060995599e-47
8.349117000e+02 3.071020060e-47
8.368370100e+02 3.081094657e-47
8.387667600e+02 3.091220223e-47
8.407009700e+02 3.101397596e-47
8.426396300e+02 3.111628512e-47
8.445827600e+02 3.121915163e-47
8.465303800e+02 3.132261771e-47
8.484824800e+02 3.142677070e-47
8.504390900e+02 3.153180410e-47
8.524002100e+02 3.163826254e-47
8.543658500e+02 3.174819991e-47
8.563360300e+02 3.187586048e-47
8.583107400e+02 3.375806381e-47
8.602900100e+02 3.211261544e-47
8.622738500e+02 3.217659938e-47
8.642622600e+02 3.227775146e-47
8.662552500e+02 3.238391398e-47
8.682528500e+02 3.249181719e-47
8.702550400e+02 3.260071634e-47
8.722618600e+02 3.271037304e-47
8.742733000e+02 3.282069967e-47
8.762893800e+02 3.293166998e-47
8.783101100e+02 3.304330354e-47
8.803355000e+02 3.315568336e-47
8.823655600e+02 3.326908570e-47
8.844003000e+02 3.338466229e-47
8.864397400e+02 3.351220492e-47
8.884838700e+02 4.302969689e-47
8.905327200e+02 3.373787417e-47
8.925863000e+02 3.384202758e-47
8.946446100e+02 3.395577735e-47
8.967076700e+02 3.407147724e-47
8.987754800e+02 3.418814923e-47
9.008480700e+02 3.430554895e-47
9.029254300e+02 3.442359463e-47
9.050075800e+02 3.454225211e-47
9.070945400e+02 3.466150820e-47
9.091863000e+02 3.478135550e-47
9.112828900e+02 3.490179127e-47
9.133843200e+02 3.502281632e-47
9.154905900e+02 3.514443025e-47
9.176017200e+02 3.526663502e-47
9.197177100e+02 3.538943144e-47
9.218385900e+02 3.551282265e-47
9.239643600e+02 3.563681067e-47
9.260950300e+02 3.576139747e-47
9.282306100e+02 3.588658507e-47
9.303711200e+02 3.601237666e-47
9.325165600e+02 3.613877548e-47
9.346669500e+02 3.626578235e-47
9.368223000e+02 3.639340172e-47
9.389826200e+02 3.652163443e-47
9.411479200e+02 3.665048496e-47
9.433182100e+02 3.677995658e-47
9.454935100e+02 3.691004895e-47
9.476738300e+02 3.704076780e-47
9.498591700e+02 3.717211523e-47
9.520495500e+02 3.730409335e-47
9.542449900e+02 3.743670550e-47
9.564454800e+02 3.756995381e-47
9.586510500e+02 3.770384286e-47
9.608617100e+02 3.783837359e-47
9.630774600e+02 3.797355060e-47
9.652983300e+02 3.810937608e-47
9.675243100e+02 3.824585221e-47
9.697554300e+02 3.838298240e-47
9.719916900e+02 3.852077010e-47
9.742331200e+02 3.865921878e-47
9.764797000e+02 3.879832940e-47
9.787314700e+02 3.893810794e-47
9.809884400e+02 3.907855415e-47
9.832506000e+02 3.921967278e-47
9.855179900e+02 3.936146736e-47
9.877906000e+02 3.950394017e-47
9.900684500e+02 3.964709474e-47
9.923515600e+02 3.979093339e-47
9.946399300e+02 3.993545968e-47
9.969335700e+02 4.008067720e-47
9.992325100e+02 4.022658828e-47
1.001536700e+03 4.037319654e-47
1.003846300e+03 4.052050434e-47
1.006161200e+03 4.066851658e-47
1.008481400e+03 4.081723566e-47
1.010807000e+03 4.096666395e-47
1.013137900e+03 4.111680515e-47
1.015474200e+03 4.126766294e-47
1.017815900e+03 4.141924104e-47
1.020163000e+03 4.157154060e-47
1.022515500e+03 4.172456794e-47
1.024873400e+03 4.187832423e-47
1.027236800e+03 4.203281194e-47
1.029605600e+03 4.218803743e-47
1.031979900e+03 4.234400193e-47
1.034359600e+03 4.250070792e-47
1.036744900e+03 4.265816184e-47
1.039135600e+03 4.281636493e-47
1.041531900e+03 4.297532102e-47
1.043933600e+03 4.313503269e-47
1.046341000e+03 4.329550512e-47
1.048753800e+03 4.345674091e-47
1.051172300e+03 4.361874395e-47
1.053596300e+03 4.378151687e-47
1.056025900e+03 4.394506359e-47
1.058461100e+03 4.410938676e-47
1.060901900e+03 4.427449167e-47
1.063348300e+03 4.444038098e-47
1.065800400e+03 4.460705869e-47
1.068258200e+03 4.477452749e-47
1.070721600e+03 4.494279275e-47
1.073190700e+03 4.511185584e-47
1.075665500e+03 4.528172081e-47
1.078146000e+03 4.545239310e-47
1.080632200e+03 4.562387546e-47
1.083124100e+03 4.579617063e-47
1.085621800e+03 4.596928276e-47
1.088125300e+03 4.614321734e-47
1.090634500e+03 4.631797444e-47
1.093149500e+03 4.649356234e-47
1.095670300e+03 4.666998113e-47
1.098196900e+03 4.684723637e-47
1.100729400e+03 4.702533231e-47
1.103267700e+03 4.720427042e-47
1.105811800e+03 4.738405772e-47
1.108361800e+03 4.756469572e-47
1.110917700e+03 4.774618871e-47
1.113479500e+03 4.792854100e-47
1.116047200e+03 4.811175689e-47
1.118620800e+03 4.829583935e-47
1.121200400e+03 4.848079412e-47
1.123785900e+03 4.866662278e-47
1.126377300e+03 4.885333112e-47
1.128974700e+03 4.904092214e-47
1.131578200e+03 4.922940027e-47
1.134187600e+03 4.941876993e-47
1.136803000e+03 4.960903560e-47
1.139424500e+03 4.980020034e-47
1.142052000e+03 4.999226721e-47
1.144685600e+03 5.018524215e-47
1.147325300e+03 5.037912967e-47
1.149971000e+03 5.057393290e-47
1.152622900e+03 5.076965641e-47
1.155280800e+03 5.096630333e-47
1.157944900e+03 5.116387970e-47
1.160615100e+03 5.136238870e-47
1.163291500e+03 5.156183495e-47
1.165974100e+03 5.176222311e-47
1.168662800e+03 5.196355641e-47
1.171357800e+03 5.216584098e-47
1.174058900e+03 5.236907862e-47
1.176766300e+03 5.257327550e-47
1.179480000e+03 5.277843637e-47
1.182199800e+03 5.298456454e-47
1.184926000e+03 5.319166477e-47
1.187658500e+03 5.339974332e-47
1.190397200e+03 5.360880210e-47
1.193142300e+03 5.381884739e-47
1.195893700e+03 5.402988406e-47
1.198651400e+03 5.424191551e-47
1.201415500e+03 5.445494811e-47
1.204186000e+03 5.466898677e-47
1.206962800e+03 5.488403792e-47
1.209746100e+03 5.510010505e-47
1.212535800e+03 5.531719612e-47
1.215331900e+03 5.553531763e-47
1.218134500e+03 5.575448062e-47
1.220943500e+03 5.597469768e-47
1.223759000e+03 5.619598897e-47
1.226581000e+03 5.641839434e-47
1.229409500e+03 5.664199757e-47
1.232244500e+03 5.686703694e-47
1.235086100e+03 5.709447191e-47
1.237934200e+03 5.733216130e-47
1.240788900e+03 1.014625287e-46
1.243650200e+03 5.778679159e-47
1.246518000e+03 5.800629528e-47
1.249392500e+03 5.823512797e-47
1.252273600e+03 5.846628601e-47
1.255161400e+03 5.869890097e-47
1.258055800e+03 5.893276232e-47
1.260956900e+03 5.916781166e-47
1.263864600e+03 5.940404559e-47
1.266779100e+03 5.964151010e-47
1.269700300e+03 5.988037842e-47
1.272628300e+03 6.012152920e-47
1.275563000e+03 6.037791642e-47
1.278504400e+03 6.064478245e-47
1.281452700e+03 6.084760212e-47
1.284407700e+03 6.108939017e-47
1.287369600e+03 6.133401495e-47
1.290338200e+03 6.158014240e-47
1.293313800e+03 6.182754272e-47
1.296296200e+03 6.207615441e-47
1.299285400e+03 6.232595809e-47
1.302281600e+03 6.257694844e-47
1.305284700e+03 6.282912482e-47
1.308294700e+03 6.308248818e-47
1.311311600e+03 6.333704419e-47
1.314335500e+03 6.359279698e-47
1.317366400e+03 6.384975069e-47
1.320404200e+03 6.410791105e-47
1.323449100e+03 6.436728223e-47
1.326501000e+03 6.462787002e-47
1.329559900e+03 6.488968021e-47
1.332625900e+03 6.515271703e-47
1.335698900e+03 6.541698794e-47
1.338779000e+03 6.568249720e-47
1.341866300e+03 6.594925069e-47
1.344960600e+03 6.621725435e-47
1.348062100e+03 6.648651411e-47
1.351170800e+03 6.675703430e-47
1.354286600e+03 6.702882091e-47
1.357409600e+03 6.730188159e-47
1.360539800e+03 6.757622238e-47
1.363677200e+03 6.785184769e-47
1.366821800e+03 6.812876197e-47
1.369973700e+03 6.840697296e-47
1.373132900e+03 6.868648844e-47
1.376299300e+03 6.896730962e-47
1.379473100e+03 6.924944763e-47
1.382654200e+03 6.953290371e-47
1.385842600e+03 6.981768740e-47
1.389038400e+03 7.010380328e-47
1.392241500e+03 7.039125932e-47
1.395452000e+03 7.068005847e-47
1.398669900e+03 7.097020871e-47
1.401895300e+03 7.126171641e-47
1.405128100e+03 7.155458795e-47
1.408368300e+03 7.184882973e-47
1.411616000e+03 7.214444648e-47
1.414871200e+03 7.244144635e-47
1.418133900e+03 7.273983413e-47
1.421404100e+03 7.303961631e-47
1.424681900e+03 7.334080113e-47
1.427967200e+03 7.364339344e-47
1.431260100e+03 7.394739982e-47
1.434560600e+03 7.425282687e-47
1.437868700e+03 7.455968124e-47
1.441184500e+03 7.486796958e-47
1.444507900e+03 7.517770031e-47
1.447838900e+03 7.548887668e-47
1.451177600e+03 7.580150544e-47
1.454524100e+03 7.611559682e-47
1.457878200e+03 7.643115413e-47
1.461240100e+03 7.674818595e-47
1.464609700e+03 7.706669912e-47
1.467987100e+03 7.738669877e-47
1.471372300e+03 7.770819356e-47
1.474765300e+03 7.803118866e-47
1.478166100e+03 7.835569279e-47
1.481574800e+03 7.868171294e-47
1.484991300e+03 7.900925257e-47
1.488415700e+03 7.933832407e-47
1.491848000e+03 7.966892916e-47
1.495288200e+03 8.000108029e-47
1.498736400e+03 8.033477924e-47
1.502192500e+03 8.067003672e-47
1.505656500e+03 8.100685995e-47
1.509128600e+03 8.134525432e-47
1.512608600e+03 8.168522709e-47
1.516096700e+03 8.202678733e-47
1.519592900e+03 8.236994234e-47
1.523097000e+03 8.271469766e-47
1.526609300e+03 8.306106244e-47
1.530129700e+03 8.340904410e-47
1.533658200e+03 8.375865189e-47
1.537194800e+03 8.410989144e-47
1.540739600e+03 8.446277207e-47
1.544292600e+03 8.481730316e-47
1.547853700e+03 8.517349595e-47
1.551423100e+03 8.553136178e-47
1.555000700e+03 8.589091944e-47
1.558586500e+03 8.625219343e-47
1.562180600e+03 8.661524377e-47
1.565783000e+03 8.698023169e-47
1.569393700e+03 8.734785806e-47
1.573012800e+03 8.772574552e-47
1.576640100e+03 8.821938874e-47
1.580275900e+03 8.845925802e-47
1.583920000e+03 8.882909627e-47
1.587572500e+03 8.920322512e-47
1.591233500e+03 8.957957880e-47
1.594902900e+03 8.995786100e-47
1.598580700e+03 9.033801995e-47
1.602267100e+03 9.072013678e-47
1.605961900e+03 9.110471512e-47
1.609665300e+03 9.149985585e-47
1.613377200e+03 9.189608553e-47
1.617097600e+03 9.226671952e-47
1.620826700e+03 9.265640682e-47
1.624564300e+03 9.304878280e-47
1.628310600e+03 9.344317296e-47
1.632065500e+03 9.383946468e-47
1.635829000e+03 9.423762784e-47
1.639601300e+03 9.463765927e-47
1.643382200e+03 9.503956158e-47
1.647171900e+03 9.544333932e-47
1.650970200e+03 9.584899898e-47
1.654777400e+03 9.625655101e-47
1.658593300e+03 9.666600001e-47
1.662418100e+03 9.707735649e-47
1.666251600e+03 9.749062903e-47
1.670094000e+03 9.790582624e-47
1.673945200e+03 9.832295479e-47
1.677805400e+03 9.874202533e-47
1.681674400e+03 9.916304659e-47
1.685552400e+03 9.958602732e-47
1.689439300e+03 1.000109803e-46
1.693335100e+03 1.004378983e-46
1.697240000e+03 1.008668103e-46
1.701153800e+03 1.012977231e-46
1.705076700e+03 1.017306437e-46
1.709008600e+03 1.021655589e-46
1.712949600e+03 1.026025159e-46
1.716899700e+03 1.030415017e-46
1.720858800e+03 1.034825232e-46
1.724827200e+03 1.039256079e-46
1.728804600e+03 1.043707424e-46
1.732791300e+03 1.048179545e-46
1.736787100e+03 1.052672306e-46
1.740792100e+03 1.057186192e-46
1.744806400e+03 1.061720863e-46
1.748830000e+03 1.066276803e-46
1.752862800e+03 1.070853881e-46
1.756904900e+03 1.075452169e-46
1.760956300e+03 1.080071740e-46
1.765017100e+03 1.084712877e-46
1.769087200e+03 1.089375653e-46
1.773166800e+03 1.094060144e-46
1.777255700e+03 1.098766426e-46
1.781354100e+03 1.103494364e-46
1.785461900e+03 1.108244453e-46
1.789579200e+03 1.113016560e-46
1.793706000e+03 1.117810972e-46
1.797842300e+03 1.122627554e-46
1.801988100e+03 1.127466597e-46
1.806143500e+03 1.132327964e-46
1.810308500e+03 1.137212159e-46
1.814483100e+03 1.142118835e-46
1.818667300e+03 1.147048497e-46
1.822861100e+03 1.152000796e-46
1.827064700e+03 1.156976455e-46
1.831277900e+03 1.161974909e-46
1.835500800e+03 1.166996884e-46
1.839733500e+03 1.172042030e-46
1.843975900e+03 1.177110644e-46
1.848228200e+03 1.182202806e-46
1.852490200e+03 1.187318599e-46
1.856762100e+03 1.192458103e-46
1.861043800e+03 1.197621621e-46
1.865335300e+03 1.202809235e-46
1.869636800e+03 1.208020810e-46
1.873948200e+03 1.213256869e-46
1.878269600e+03 1.218517276e-46
1.882600900e+03 1.223802559e-46
1.886942200e+03 1.229113692e-46
1.891293500e+03 1.234454324e-46
1.895654800e+03 1.239890267e-46
1.900026200e+03 1.245316058e-46
1.904407700e+03 1.250605849e-46
1.908799200e+03 1.256031250e-46
1.913200900e+03 1.261487712e-46
1.917612800e+03 1.266971083e-46
1.922034800e+03 1.272480559e-46
1.926467100e+03 1.278016684e-46
1.930909500e+03 1.283582274e-46
1.935362200e+03 1.289282583e-46
1.939825200e+03 1.294803210e-46
1.944298400e+03 1.300416824e-46
1.948782000e+03 1.306078466e-46
1.953275900e+03 1.311768668e-46
1.957780200e+03 1.317485702e-46
1.962294800e+03 1.323229431e-46
1.966819900e+03 1.328999717e-46
1.971355400e+03 1.334797114e-46
1.975901300e+03 1.340621254e-46
1.980457800e+03 1.346472693e-46
1.985024700e+03 1.352351063e-46
1.989602200e+03 1.358256920e-46
1.994190300e+03 1.364189895e-46
1.998788900e+03 1.370150547e-46
2.003398100e+03 1.376138975e-46
2.008017900e+03 1.382155039e-46
2.012648400e+03 1.388199069e-46
2.017289600e+03 1.394271164e-46
2.021941500e+03 1.400371657e-46
2.026604100e+03 1.406500173e-46
2.031277500e+03 1.412657045e-46
2.035961600e+03 1.418842611e-46
2.040656600e+03 1.425056969e-46
2.045362300e+03 1.431299981e-46
2.050079000e+03 1.437572224e-46
2.054806500e+03 1.443873321e-46
2.059544900e+03 1.450203612e-46
2.064294200e+03 1.456563438e-46
2.069054500e+03 1.462952661e-46
2.073825700e+03 1.469371625e-46
2.078608000e+03 1.475820433e-46
2.083401300e+03 1.482298945e-46
2.088205600e+03 1.488807508e-46
2.093021000e+03 1.495346225e-46
2.097847500e+03 1.501915447e-46
2.102685200e+03 1.508515034e-46
2.107534000e+03 1.515145336e-46
2.112394000e+03 1.521806215e-46
2.117265200e+03 1.528498022e-46
2.122147600e+03 1.535221113e-46
2.127041300e+03 1.541975100e-46
2.131946300e+03 1.548760587e-46
2.136862600e+03 1.555577435e-46
2.141790200e+03 1.562425751e-46
2.146729200e+03 1.569305895e-46
2.151679600e+03 1.576218229e-46
2.156641300e+03 1.583162361e-46
2.161614600e+03 1.590138654e-46
2.166599300e+03 1.597147218e-46
2.171595500e+03 1.604188419e-46
2.176603200e+03 1.611262370e-46
2.181622400e+03 1.618368930e-46
2.186653300e+03 1.625508722e-46
2.191695700e+03 1.632681351e-46
2.196749800e+03 1.639887185e-46
2.201815500e+03 1.647126597e-46
2.206892900e+03 1.654399446e-46
2.211982000e+03 1.661706106e-46
2.217082900e+03 1.669046693e-46
2.222195500e+03 1.676421066e-46
2.227319900e+03 1.683829862e-46
2.232456100e+03 1.691272940e-46
2.237604200e+03 1.698750678e-46
2.242764100e+03 1.706263460e-46
2.247935900e+03 1.713811669e-46
2.253119700e+03 1.721403828e-46
2.258315400e+03 1.729100603e-46
2.263523100e+03 1.736665103e-46
2.268742800e+03 1.744350185e-46
2.273974500e+03 1.752073148e-46
2.279218300e+03 1.759832273e-46
2.284474200e+03 1.767627419e-46
2.289742200e+03 1.775458712e-46
2.295022400e+03 1.783326545e-46
2.300314700e+03 1.791231312e-46
2.305619300e+03 1.799176095e-46
2.310936100e+03 1.807216158e-46
2.316265100e+03 1.815165285e-46
2.321606400e+03 1.823215570e-46
2.326960100e+03 1.831304237e-46
2.332326100e+03 1.839430338e-46
2.337704400e+03 1.847594544e-46
2.343095200e+03 1.855796445e-46
2.348498400e+03 1.864036444e-46
2.353914000e+03 1.872314400e-46
2.359342200e+03 1.880630992e-46
2.364782800e+03 1.888985805e-46
2.370236000e+03 1.897379522e-46
2.375701800e+03 1.905812278e-46
2.381180200e+03 1.914283931e-46
2.386671200e+03 1.922794895e-46
2.392174900e+03 1.931345026e-46
2.397691300e+03 1.939935017e-46
2.403220400e+03 1.948564728e-46
2.408762200e+03 1.957234856e-46
2.414316800e+03 1.965945542e-46
2.419884300e+03 1.974696085e-46
2.425464600e+03 1.983487466e-46
2.431057700e+03 1.992319547e-46
2.436663700e+03 2.001192466e-46
2.442282700e+03 2.010106367e-46
2.447914600e+03 2.019061958e-46
2.453559500e+03 2.028058531e-46
2.459217500e+03 2.037097084e-46
2.464888400e+03 2.046177475e-46
2.470572500e+03 2.055299851e-46
2.476269600e+03 2.064464644e-46
2.481979900e+03 2.073671713e-46
2.487703400e+03 2.082921204e-46
2.493440100e+03 2.092213842e-46
2.499190000e+03 2.101549487e-46
2.504953100e+03 2.110928290e-46
2.510729500e+03 2.120350689e-46
2.516519300e+03 2.129816545e-46
2.522322400e+03 2.139326301e-46
2.528138900e+03 2.148880108e-46
2.533968800e+03 2.158478119e-46
2.539812200e+03 2.168120488e-46
2.545669000e+03 2.177807662e-46
2.551539300e+03 2.187539798e-46
2.557423200e+03 2.197318535e-46
2.563320600e+03 2.207143443e-46
2.569231700e+03 2.217013496e-46
2.575156300e+03 2.226929444e-46
2.581094700e+03 2.236891449e-46
2.587046700e+03 2.246899369e-46
2.593012400e+03 2.256953664e-46
2.598992000e+03 2.267054495e-46
2.604985200e+03 2.277202325e-46
2.610992400e+03 2.287396712e-46
2.617013300e+03 2.297638726e-46
2.623048200e+03 2.307927926e-46
2.629097000e+03 2.318264778e-46
2.635159700e+03 2.328649448e-46
2.641236400e+03 2.339082407e-46
2.647327100e+03 2.349563517e-46
2.653431800e+03 2.360093559e-46
2.659550700e+03 2.370677322e-46
2.665683600e+03 2.381305133e-46
2.671830700e+03 2.391975890e-46
2.677992000e+03 2.402701194e-46
2.684167400e+03 2.413476589e-46
2.690357100e+03 2.424301938e-46
2.696561100e+03 2.435177728e-46
2.702779400e+03 2.446103507e-46
2.709012100e+03 2.457080076e-46
2.715259100e+03 2.468107297e-46
2.721520500e+03 2.479185659e-46
2.727796300e+03 2.490315656e-46
2.734086600e+03 2.501504427e-46
2.740391500e+03 2.512730640e-46
2.746710800e+03 2.524014398e-46
2.753044800e+03 2.535351458e-46
2.759393300e+03 2.546740733e-46
2.765756500e+03 2.558183043e-46
2.772134300e+03 2.569678571e-46
2.778526900e+03 2.581226860e-46
2.784934200e+03 2.592828737e-46
2.791356300e+03 2.604484387e-46
2.797793200e+03 2.616193997e-46
2.804244900e+03 2.627957753e-46
2.810711500e+03 2.639775843e-46
2.817193000e+03 2.651648781e-46
2.823689500e+03 2.663576757e-46
2.830201000e+03 2.675559636e-46
2.836727400e+03 2.687598261e-46
2.843268900e+03 2.699692498e-46
2.849825500e+03 2.711842540e-46
2.856397200e+03 2.724049240e-46
2.862984100e+03 2.736312134e-46
2.869586200e+03 2.748631747e-46
2.876203500e+03 2.761008275e-46
2.882836000e+03 2.773442249e-46
2.889483900e+03 2.785933867e-46
2.896147000e+03 2.798483331e-46
2.902825600e+03 2.811090504e-46
2.909519500e+03 2.823756259e-46
2.916228900e+03 2.836480798e-46
2.922953700e+03 2.849263989e-46
2.929694100e+03 2.862106373e-46
2.936450000e+03 2.875008153e-46
2.943221500e+03 2.887969537e-46
2.950008500e+03 2.900991070e-46
2.956811300e+03 2.914072963e-46
2.963629700e+03 2.927215081e-46
2.970463900e+03 2.940418319e-46
2.977313800e+03 2.953682546e-46
2.984179500e+03 2.967007973e-46
2.991061000e+03 2.980395155e-46
2.997958400e+03 2.993844308e-46
3.004871800e+03 3.007355994e-46
3.011801000e+03 3.020929734e-46
3.018746300e+03 3.034566439e-46
3.025707500e+03 3.048266327e-46
3.032684800e+03 3.062029618e-46
3.039678200e+03 3.075856531e-46
3.046687700e+03 3.089747639e-46
3.053713400e+03 3.103702811e-46
3.060755300e+03 3.117722622e-46
3.067813400e+03 3.131807297e-46
3.074887800e+03 3.145957060e-46
3.081978500e+03 3.160172492e-46
3.089085600e+03 3.174453821e-46
3.096209100e+03 3.189242364e-46
3.103348900e+03 3.203214369e-46
3.110505300e+03 3.217694403e-46
3.117678100e+03 3.232241250e-46
3.124867500e+03 3.246855863e-46
3.132073500e+03 3.261538116e-46
3.139296100e+03 3.276287881e-46
3.146535300e+03 3.291106479e-46
3.153791300e+03 3.305993061e-46
3.161063900e+03 3.320948953e-46
3.168353400e+03 3.335974031e-46
3.175659600e+03 3.351068535e-46
3.182982700e+03 3.366232705e-46
3.190322700e+03 3.381480390e-46
3.197679600e+03 3.396778011e-46
3.205053500e+03 3.412158184e-46
3.212444300e+03 3.427609756e-46
3.219852300e+03 3.443132974e-46
3.227277300e+03 3.458727715e-46
3.234719400e+03 3.474394972e-46
3.242178700e+03 3.490134250e-46
3.249655200e+03 3.505946920e-46
3.257148900e+03 3.521832112e-46
3.264659900e+03 3.537791205e-46
3.272188200e+03 3.553824078e-46
3.279733900e+03 3.569930987e-46
3.287297000e+03 3.586112567e-46
3.294877600e+03 3.602368697e-46
3.302475600e+03 3.618700396e-46
3.310091100e+03 3.635107163e-46
3.317724200e+03 3.651590404e-46
3.325374900e+03 3.668149620e-46
3.333043200e+03 3.684785457e-46
3.340729300e+03 3.701498180e-46
3.348433000e+03 3.718288055e-46
3.356154500e+03 3.735155736e-46
3.363893800e+03 3.752101492e-46
3.371651000e+03 3.769125595e-46
3.379426100e+03 3.786228704e-46
3.387219000e+03 3.803410705e-46
3.395030000e+03 3.820672260e-46
3.402859000e+03 3.838013645e-46
3.410706000e+03 3.855435138e-46
3.418571100e+03 3.872937015e-46
3.426454300e+03 3.890520343e-46
3.434355800e+03 3.908184614e-46
3.442275400e+03 3.925930901e-46
3.450213300e+03 3.943759092e-46
3.458169500e+03 3.961669868e-46
3.466144100e+03 3.979663115e-46
3.474137100e+03 3.997739919e-46
3.482148500e+03 4.015900570e-46
3.490178300e+03 4.034144958e-46
3.498226700e+03 4.052473774e-46
3.506293600e+03 4.070887311e-46
3.514379200e+03 4.089385862e-46
3.522483400e+03 4.107970532e-46
3.530606200e+03 4.126640808e-46
3.538747800e+03 4.145412460e-46
3.546908200e+03 4.164240995e-46
3.555087400e+03 4.183171097e-46
3.563285500e+03 4.202189226e-46
3.571502400e+03 4.221295278e-46
3.579738300e+03 4.240489970e-46
3.587993200e+03 4.259773197e-46
3.596267200e+03 4.279145677e-46
3.604560200e+03 4.298607722e-46
3.612872400e+03 4.318159640e-46
3.621203700e+03 4.337802159e-46
3.629554200e+03 4.357535593e-46
3.637924000e+03 4.377360259e-46
3.646313000e+03 4.397276890e-46
3.654721500e+03 4.417287068e-46
3.663149300e+03 4.437386487e-46
3.671596500e+03 4.457580089e-46
3.680063300e+03 4.477867783e-46
3.688549500e+03 4.498249048e-46
3.697055300e+03 4.518724632e-46
3.705580800e+03 4.539294862e-46
3.714125900e+03 4.559960066e-46
3.722690700e+03 4.580721001e-46
3.731275200e+03 4.601578427e-46
3.739879600e+03 4.622531820e-46
3.748503800e+03 4.643582374e-46
3.757147900e+03 4.664729993e-46
3.765811900e+03 4.685975445e-46
3.774495900e+03 4.707319505e-46
3.783199900e+03 4.728762078e-46
3.791924000e+03 4.750303943e-46
3.800668200e+03 4.771945443e-46
3.809432500e+03 4.793686924e-46
3.818217100e+03 4.815529169e-46
3.827022000e+03 4.837472090e-46
3.835847100e+03 4.859516916e-46
3.844692600e+03 4.881663558e-46
3.853558500e+03 4.903912812e-46
3.862444800e+03 4.926264591e-46
3.871351600e+03 4.948720138e-46
3.880279000e+03 4.971279368e-46
3.889227000e+03 4.993943086e-46
3.898195500e+03 5.016711655e-46
3.907184800e+03 5.039585439e-46
3.916194800e+03 5.062564800e-46
3.925225600e+03 5.085650556e-46
3.934277200e+03 5.108843528e-46
3.943349700e+03 5.132143181e-46
3.952443100e+03 5.155551247e-46
3.961557400e+03 5.179067192e-46
3.970692800e+03 5.202692302e-46
3.979849300e+03 5.226440672e-46
3.989026800e+03 5.250270158e-46
3.998225500e+03 5.274224119e-46
4.007445500e+03 5.298289225e-46
4.016686700e+03 5.322465399e-46
4.025949200e+03 5.346753488e-46
4.035233100e+03 5.371153881e-46
4.044538300e+03 5.395667430e-46
4.053865100e+03 5.420294063e-46
4.063213300e+03 5.445034638e-46
4.072583100e+03 5.469890017e-46
4.081974500e+03 5.494860131e-46
4.091387600e+03 5.519945376e-46
4.100822400e+03 5.545147091e-46
4.110278900e+03 5.570465682e-46
4.119757200e+03 5.595949812e-46
4.129257400e+03 5.621453693e-46
4.138779500e+03 5.647124871e-46
4.148323600e+03 5.672915030e-46
4.157889600e+03 5.698824103e-46
4.167477800e+03 5.724853459e-46
4.177088000e+03 5.751003036e-46
4.186720400e+03 5.777273731e-46
4.196375000e+03 5.803665483e-46
4.206051900e+03 5.830179674e-46
4.215751100e+03 5.856816731e-46
4.225472600e+03 5.883576595e-46
4.235216600e+03 5.910460663e-46
4.244983000e+03 5.937468390e-46
4.254772000e+03 5.964601670e-46
4.264583500e+03 5.991860449e-46
4.274417700e+03 6.019245162e-46
4.284274500e+03 6.046756737e-46
4.294154100e+03 6.074395615e-46
4.304056500e+03 6.102162235e-46
4.313981600e+03 6.130057041e-46
4.323929700e+03 6.158080973e-46
4.333900700e+03 6.186234974e-46
4.343894700e+03 6.214518999e-46
4.353911800e+03 6.242933998e-46
4.363951900e+03 6.271479924e-46
4.374015300e+03 6.300158734e-46
4.384101800e+03 6.328969886e-46
4.394211500e+03 6.357915854e-46
4.404344600e+03 6.386992562e-46
4.414501100e+03 6.416205012e-46
4.424681000e+03 6.445552662e-46
4.434884300e+03 6.475036490e-46
4.445111200e+03 6.504656459e-46
4.455361600e+03 6.534414062e-46
4.465635700e+03 6.564308755e-46
4.475933500e+03 6.594342037e-46
4.486255100e+03 6.624513874e-46
4.496600400e+03 6.654825777e-46
4.506969600e+03 6.685277717e-46
4.517362700e+03 6.715870177e-46
4.527779800e+03 6.746604682e-46
4.538220900e+03 6.777481207e-46
4.548686000e+03 6.808500764e-46
4.559175300e+03 6.839663849e-46
4.569688800e+03 6.870971484e-46
4.580226600e+03 6.902423121e-46
4.590788600e+03 6.934020309e-46
4.601375000e+03 6.965764080e-46
4.611985800e+03 6.997654944e-46
4.622621100e+03 7.029692881e-46
4.633280900e+03 7.061879462e-46
4.643965300e+03 7.094214671e-46
4.654674300e+03 7.126699556e-46
4.665408000e+03 7.159334636e-46
4.676166500e+03 7.192120967e-46
4.686949700e+03 7.225059075e-46
4.697757900e+03 7.258149485e-46
4.708591000e+03 7.291392727e-46
4.719449000e+03 7.324789868e-46
4.730332100e+03 7.358341986e-46
4.741240300e+03 7.392049076e-46
4.752173600e+03 7.425912218e-46
4.763132100e+03 7.459931954e-46
4.774116000e+03 7.494109374e-46
4.785125100e+03 7.528449415e-46
4.796159700e+03 7.562938356e-46
4.807219600e+03 7.597592115e-46
4.818305100e+03 7.632406308e-46
4.829416200e+03 7.667381491e-46
4.840552800e+03 7.702518776e-46
4.851715200e+03 7.737818728e-46
4.862903300e+03 7.773281352e-46
4.874117200e+03 7.808908886e-46
4.885356900e+03 7.844700784e-46
4.896622600e+03 7.880658177e-46
4.907914200e+03 7.916782762e-46
4.919231900e+03 7.953073994e-46
4.930575700e+03 7.989533014e-46
4.941945700e+03 8.026160970e-46
4.953341800e+03 8.062958448e-46
4.964764300e+03 8.099926036e-46
4.976213100e+03 8.137065464e-46
4.987688200e+03 8.174376186e-46
4.999189900e+03 8.211858795e-46
5.010718100e+03 8.249515607e-46
5.022272800e+03 8.287346652e-46
5.033854200e+03 8.325353112e-46
5.045462300e+03 8.363535017e-46
5.057097200e+03 8.401894134e-46
5.068758900e+03 8.440429916e-46
5.080447500e+03 8.479144721e-46
5.092163000e+03 8.518038587e-46
5.103905600e+03 8.557112720e-46
5.115675300e+03 8.596367745e-46
5.127472000e+03 8.635808992e-46
5.139296000e+03 8.675422985e-46
5.151147300e+03 8.715225048e-46
5.163025900e+03 8.755211117e-46
5.174931900e+03 8.795383015e-46
5.186865300e+03 8.835740199e-46
5.198826200e+03 8.876284501e-46
5.210814800e+03 8.917016572e-46
5.222830900e+03 8.957937062e-46
5.234874800e+03 8.999047225e-46
5.246946500e+03 9.040347118e-46
5.259046000e+03 9.081838602e-46
5.271173400e+03 9.123522343e-46
5.283328800e+03 9.165398403e-46
5.295512200e+03 9.207468660e-46
5.307723600e+03 9.249733789e-46
5.319963300e+03 9.292194466e-46
5.332231200e+03 9.334851368e-46
5.344527300e+03 9.377706401e-46
5.356851900e+03 9.420761480e-46
5.369204800e+03 9.464011769e-46
5.381586200e+03 9.507464096e-46
5.393996200e+03 9.551117314e-46
5.406434800e+03 9.594973359e-46
5.418902100e+03 9.639031693e-46
5.431398100e+03 9.683294883e-46
5.443923000e+03 9.727762396e-46
5.456476700e+03 9.772435562e-46
5.469059400e+03 9.817317601e-46
5.481671100e+03 9.862404847e-46
5.494311800e+03 9.907701152e-46
5.506981800e+03 9.953207241e-46
5.519680900e+03 9.998924474e-46
5.532409300e+03 1.004485359e-45
5.545167100e+03 1.009099468e-45
5.557954300e+03 1.013734975e-45
5.570771000e+03 1.018391955e-45
5.583617200e+03 1.023070483e-45
5.596493100e+03 1.027770697e-45
5.609398600e+03 1.032492672e-45
5.622334000e+03 1.037236484e-45
5.635299100e+03 1.042002274e-45
5.648294200e+03 1.046790116e-45
5.661319200e+03 1.051600154e-45
5.674374200e+03 1.056432398e-45
5.687459400e+03 1.061287056e-45
5.700574700e+03 1.066164206e-45
5.713720200e+03 1.071063991e-45
5.726896100e+03 1.075986555e-45
5.740102400e+03 1.080931584e-45
5.753339100e+03 1.085899682e-45
5.766606400e+03 1.090890796e-45
5.779904200e+03 1.095905007e-45
5.793232700e+03 1.100942461e-45
5.806591900e+03 1.106003173e-45
5.819982000e+03 1.111087422e-45
5.833402900e+03 1.116195158e-45
5.846854800e+03 1.121326863e-45
5.860337700e+03 1.126481749e-45
5.873851700e+03 1.131660769e-45
5.887396800e+03 1.136863737e-45
5.900973200e+03 1.142090873e-45
5.914580900e+03 1.147342192e-45
5.928219900e+03 1.152617845e-45
5.941890500e+03 1.157917919e-45
5.955592500e+03 1.163242496e-45
5.969326200e+03 1.168591800e-45
5.983091500e+03 1.173965846e-45
5.996888500e+03 1.179364791e-45
6.010717400e+03 1.184788788e-45
6.024578100e+03 1.190237856e-45
6.038470900e+03 1.195712151e-45
6.052395600e+03 1.201211830e-45
6.066352500e+03 1.206736912e-45
6.080341600e+03 1.212287692e-45
6.094362900e+03 1.217864122e-45
6.108416500e+03 1.223489656e-45
6.122502600e+03 1.229094566e-45
6.136621100e+03 1.234748899e-45
6.150772200e+03 1.240429381e-45
6.164955900e+03 1.246136173e-45
6.179172400e+03 1.251869365e-45
6.193421600e+03 1.257629192e-45
6.207703700e+03 1.263415603e-45
6.222018700e+03 1.269228905e-45
6.236366700e+03 1.275069120e-45
6.250747800e+03 1.280936340e-45
6.265162100e+03 1.286831306e-45
6.279609600e+03 1.292752533e-45
6.294090400e+03 1.298701695e-45
6.308604600e+03 1.304678456e-45
6.323152300e+03 1.310682841e-45
6.337733600e+03 1.316715090e-45
6.352348400e+03 1.322775300e-45
6.366997000e+03 1.328863568e-45
6.381679300e+03 1.334980064e-45
6.396395500e+03 1.341124814e-45
6.411145700e+03 1.347298135e-45
6.425929800e+03 1.353499980e-45
6.440748100e+03 1.359730668e-45
6.455600500e+03 1.365990152e-45
6.470487100e+03 1.372278607e-45
6.485408100e+03 1.378596280e-45
6.500363500e+03 1.384943125e-45
6.515353400e+03 1.391319467e-45
6.530377900e+03 1.397725408e-45
6.545437000e+03 1.404160901e-45
6.560530800e+03 1.410626199e-45
6.575659400e+03 1.417121556e-45
6.590823000e+03 1.423647000e-45
6.606021500e+03 1.430202637e-45
6.621255000e+03 1.436788646e-45
6.636523700e+03 1.443405209e-45
6.651827500e+03 1.450052433e-45
6.667166700e+03 1.456730499e-45
6.682541200e+03 1.463439516e-45
6.697951200e+03 1.470179591e-45
6.713396800e+03 1.476950908e-45
6.728877900e+03 1.483753575e-45
6.744394700e+03 1.490587779e-45
6.759947400e+03 1.497453707e-45
6.775535900e+03 1.504351391e-45
6.791160300e+03 1.511281097e-45
6.806820800e+03 1.518242937e-45
6.822517300e+03 1.525236943e-45
6.838250100e+03 1.532263461e-45
6.854019200e+03 1.539322528e-45
6.869824600e+03 1.546414334e-45
6.885666500e+03 1.553538993e-45
6.901544900e+03 1.560696698e-45
6.917459900e+03 1.567887564e-45
6.933411600e+03 1.575111706e-45
6.949400100e+03 1.582369398e-45
6.965425500e+03 1.589660757e-45
6.981487800e+03 1.596985901e-45
6.997587200e+03 1.604345026e-45
7.013723600e+03 1.611738170e-45
7.029897300e+03 1.619165693e-45
7.046108300e+03 1.626627634e-45
7.062356700e+03 1.634124111e-45
7.078642600e+03 1.641655408e-45
7.094966000e+03 1.649221563e-45
7.111327000e+03 1.656822861e-45
7.127725800e+03 1.664459343e-45
7.144162400e+03 1.672131292e-45
7.160636900e+03 1.679838835e-45
7.177149400e+03 1.687582010e-45
7.193699900e+03 1.695361190e-45
7.210288600e+03 1.703176418e-45
7.226915600e+03 1.711027817e-45
7.243580900e+03 1.718915679e-45
7.260284700e+03 1.726840132e-45
7.277027000e+03 1.734801303e-45
7.293807900e+03 1.742799401e-45
7.310627400e+03 1.750834641e-45
7.327485800e+03 1.758907065e-45
7.344383000e+03 1.767016973e-45
7.361319200e+03 1.775164494e-45
7.378294500e+03 1.783349758e-45
7.395308900e+03 1.791573067e-45
7.412362500e+03 1.799834467e-45
7.429455500e+03 1.808134176e-45
7.446587900e+03 1.816472327e-45
7.463759800e+03 1.824849225e-45
7.480971300e+03 1.833265003e-45
7.498222400e+03 1.841719798e-45
7.515513400e+03 1.850213745e-45
7.532844200e+03 1.858747152e-45
7.550215000e+03 1.867320156e-45
7.567625900e+03 1.875932896e-45
7.585076900e+03 1.884585595e-45
7.602568100e+03 1.893278480e-45
7.620099700e+03 1.902011603e-45
7.637671700e+03 1.910785279e-45
7.655284200e+03 1.919599649e-45
7.672937400e+03 1.928454942e-45
7.690631200e+03 1.937351300e-45
7.708365900e+03 1.946288954e-45
7.726141400e+03 1.955268137e-45
7.743958000e+03 1.964288903e-45
7.761815600e+03 1.973351488e-45
7.779714400e+03 1.982456212e-45
7.797654500e+03 1.991603135e-45
7.815635900e+03 2.000792492e-45
7.833658900e+03 2.010024520e-45
7.851723300e+03 2.019299368e-45
7.869829500e+03 2.028617274e-45
7.887977400e+03 2.037978389e-45
7.906167100e+03 2.047382952e-45
7.924398800e+03 2.056831115e-45
7.942672500e+03 2.066323212e-45
7.960988400e+03 2.075859303e-45
7.979346500e+03 2.085439726e-45
7.997746900e+03 2.095064541e-45
8.016189800e+03 2.104734087e-45
8.034675200e+03 2.114448429e-45
8.053203200e+03 2.124208273e-45
8.071773900e+03 2.134012764e-45
8.090387500e+03 2.143863073e-45
8.109044000e+03 2.153759082e-45
8.127743500e+03 2.163701043e-45
8.146486100e+03 2.173689116e-45
8.165272000e+03 2.183723555e-45
8.184101200e+03 2.193804614e-45
8.202973800e+03 2.203932456e-45
8.221889900e+03 2.214107337e-45
8.240849600e+03 2.224329515e-45
8.259853100e+03 2.234599061e-45
8.278900400e+03 2.244916329e-45
8.297991600e+03 2.255281484e-45
8.317126800e+03 2.265694788e-45
8.336306200e+03 2.276156410e-45
8.355529800e+03 2.286666612e-45
8.374797700e+03 2.297225563e-45
8.394110000e+03 2.307833625e-45
8.413466900e+03 2.318490970e-45
8.432868400e+03 2.329197768e-45
8.452314700e+03 2.339954191e-45
8.471805800e+03 2.350760704e-45
8.491341900e+03 2.361617382e-45
8.510923000e+03 2.372524402e-45
8.530549200e+03 2.383482132e-45
8.550220700e+03 2.394490750e-45
8.569937600e+03 2.405550530e-45
8.589699900e+03 2.416661651e-45
8.609507800e+03 2.427824390e-45
8.629361400e+03 2.439038926e-45
8.649260800e+03 2.450305638e-45
8.669206100e+03 2.461624608e-45
8.689197300e+03 2.472996217e-45
8.709234700e+03 2.484420548e-45
8.729318200e+03 2.495898084e-45
8.749448100e+03 2.507428911e-45
8.769624400e+03 2.519013213e-45
8.789847200e+03 2.530651480e-45
8.810116700e+03 2.542343696e-45
8.830432900e+03 2.554090253e-45
8.850795900e+03 2.565891439e-45
8.871205900e+03 2.577747548e-45
8.891663000e+03 2.589658566e-45
8.912167200e+03 2.601624992e-45
8.932718800e+03 2.613647016e-45
8.953317700e+03 2.625724937e-45
8.973964100e+03 2.637858948e-45
8.994658100e+03 2.650049347e-45
9.015399900e+03 2.662296434e-45
9.036189500e+03 2.674600406e-45
9.057027000e+03 2.686961669e-45
9.077912600e+03 2.699380215e-45
9.098846300e+03 2.711856555e-45
9.119828300e+03 2.724390890e-45
9.140858700e+03 2.736983527e-45
9.161937600e+03 2.749634669e-45
9.183065100e+03 2.762344625e-45
9.204241300e+03 2.775113600e-45
9.225466400e+03 2.787942011e-45
9.246740400e+03 2.800830487e-45
9.268063400e+03 2.813777966e-45
9.289435600e+03 2.826786140e-45
9.310857100e+03 2.839854689e-45
9.332328000e+03 2.852984035e-45
9.353848500e+03 2.866174499e-45
9.375418500e+03 2.879426186e-45
9.397038300e+03 2.892739632e-45
9.418707900e+03 2.906114836e-45
9.440427600e+03 2.919552337e-45
9.462197300e+03 2.933052245e-45
9.484017200e+03 2.946614993e-45
9.505887400e+03 2.960240802e-45
9.527808000e+03 2.973929998e-45
9.549779200e+03 2.987682804e-45
9.571801100e+03 3.001499660e-45
9.593873700e+03 3.015380789e-45
9.615997300e+03 3.029326856e-45
9.638171800e+03 3.043337095e-45
9.660397500e+03 3.057412834e-45
9.682674500e+03 3.071554079e-45
9.705002800e+03 3.085761060e-45
9.727382600e+03 3.100034228e-45
9.749814000e+03 3.114373702e-45
9.772297200e+03 3.128779937e-45
9.794832200e+03 3.143253165e-45
9.817419100e+03 3.157793733e-45
9.840058200e+03 3.172401988e-45
9.862749400e+03 3.187078278e-45
9.885493000e+03 3.201822616e-45
9.908289000e+03 3.216635803e-45
9.931137600e+03 3.231517741e-45
9.954038900e+03 3.246469123e-45
9.976993000e+03 3.261489965e-45
1.000000000e+04 3.276580736e-45
